0 0.0 539.0 401.5 0.333333333333333
0 0.0226265416713431 538.0 401.5 0.333333333333333
0 0.0242180833301973 535.0 401.0 0.468657302856445
0 0.0321289166604402 535.0 401.0 0.505768966674805
0 0.0442524166719522 535.0 400.0 0.540595499674479
0 0.0702563333325088 535.0 391.5 0.626570256551107
0 0.0774984166637296 535.0 389.0 0.640916442871094
0 0.0946922916627955 535.0 376.5 0.804007848103841
0 0.111141500005033 535.0 361.0 0.799787012736003
0 0.128818666664301 537.5 342.0 0.792588551839193
0 0.148993124996196 541.0 321.0 0.779279073079427
0 0.16495049999503 544.0 301.0 0.737283452351888
0 0.181291708329809 545.5 283.5 0.736766306559245
0 0.19384316666401 546.0 271.5 0.736487452189128
0 0.207451416659751 545.0 258.0 0.729800542195638
0 0.227743875002488 542.0 244.5 0.692189407348633
0 0.24438299999747 538.5 236.5 0.605121994018555
0 0.261439958325354 533.5 231.0 0.567798487345378
0 0.279029124998488 525.5 227.0 0.441589228312174
0 0.294489666659501 513.5 223.0 0.369475428263346
0 0.311941916661453 495.5 221.5 0.369258371988932
0 0.327722583329887 470.5 223.0 0.392812728881836
0 0.344194791672635 448.5 226.0 0.434509404500326
0 0.358970874993247 418.5 230.0 0.465173467000326
0 0.377373458337388 383.5 233.5 0.54026133219401
0 0.393977583327796 359.5 235.0 0.541410446166992
0 0.410723499997403 336.0 235.0 0.527364730834961
0 0.427960625005653 313.0 235.5 0.529762903849284
0 0.444381833338412 294.5 236.0 0.540404764811198
0 0.461419041661429 281.5 237.0 0.539895629882812
0 0.477852875003009 275.0 238.0 0.5067808787028
0 0.49392658333818 273.0 239.5 0.475569407145182
0 0.508489874991938 273.5 245.0 0.376384480794271
0 0.529015333333518 277.5 258.0 0.394955062866211
0 0.545914208327304 281.5 271.5 0.40016352335612
0 0.558539249992464 284.5 283.0 0.414792124430339
0 0.57786808333185 286.5 304.5 0.419779713948568
0 0.594752499993774 286.5 324.0 0.421036275227865
0 0.612140124998405 284.5 342.5 0.427133051554362
0 0.627863958332455 280.5 361.0 0.473347600301107
0 0.643870833329856 277.5 373.5 0.549775060017904
0 0.661256541672628 275.0 390.0 0.582238260904948
0 0.678123416670132 276.0 400.5 0.545580037434896
0 0.694647249998525 282.0 407.0 0.457923253377279
0 0.711146416666452 293.5 410.0 0.458306630452474
0 0.727764499999466 310.0 411.0 0.527349472045898
0 0.744497458334081 332.5 411.5 0.564098866780599
0 0.762005291660898 358.5 412.5 0.561291758219401
0 0.777799666670035 388.0 413.0 0.441216023763021
0 0.794056500002625 412.0 413.0 0.377736282348633
0 0.807538916662452 445.0 412.5 0.358513514200846
0 0.831719916663133 489.5 410.0 0.337092463175456
0 0.844765583329718 523.5 408.0 0.30803476969401
0 0.861229250003817 554.0 407.5 0.232053248087565
0 0.877809166660882 572.0 410.5 0.0843062082926432
0 0.878189541661413 578.0 411.5 0.0

