0 0.0 547.5 174.5 0.333333333333333
0 0.0270634583430365 547.5 173.5 0.333333333333333
0 0.0426195000036387 548.5 171.0 0.364185587565104
0 0.0503220000100555 548.5 174.5 0.368440246582031
0 0.0570322499988833 549.0 181.5 0.366817855834961
0 0.0683571666741045 549.0 188.5 0.380028025309245
0 0.0899512083415175 548.0 210.5 0.4111083984375
0 0.101300041671493 546.5 225.5 0.436081822713216
0 0.120458708333899 545.5 251.0 0.619559860229492
0 0.137347708339803 545.5 275.0 0.673255920410156
0 0.154225208330899 546.0 297.0 0.688546880086263
0 0.174963791665505 548.5 322.0 0.783667500813802
0 0.189704625008744 549.5 335.5 0.832245763142904
0 0.203846416668966 550.0 352.5 0.935606638590495
0 0.220059958330239 549.0 365.0 1.03287022908529
0 0.237404833344044 546.5 381.5 1.14354184468587
0 0.250277750004898 545.5 389.5 1.17145105997721
0 0.272828791668871 544.0 399.5 1.05494333902995
0 0.286307208341896 542.5 405.0 0.990974553426107
0 0.303141000011237 541.5 409.0 1.01881090799967
0 0.319725875000586 541.0 411.0 1.08548469543457
0 0.34129991667578 540.5 412.0 1.15256703694661
0 0.353881791670574 540.5 412.0 1.22592633565267
0 0.3702265000029 540.0 412.0 1.41023763020833
0 0.387301624999964 537.0 411.0 1.55397084554036
0 0.40134695834422 533.0 410.5 1.58593813578288
0 0.420678791677346 525.0 409.0 1.47695897420247
0 0.438806416670559 514.5 407.5 1.43988800048828
0 0.454320999997435 501.5 407.0 1.40664316813151
0 0.470668875001138 485.0 407.0 1.40395711263021
0 0.487156791670714 464.5 407.0 1.41583925882975
0 0.503871083332342 448.5 407.0 1.41335589090983
0 0.522963416675339 427.0 407.0 1.47709350585938
0 0.538622833337286 400.5 406.5 1.53098449707031
0 0.550253416673513 384.5 406.5 1.53734461466471
0 0.570600208331598 358.5 406.0 1.47413914998372
0 0.58720275000087 340.0 405.0 1.46785850524902
0 0.603819791664137 324.5 403.5 1.46519470214844
0 0.621102041666745 312.5 401.5 1.45103874206543
0 0.637148958339822 303.5 399.0 1.51793619791667
0 0.653892458343762 298.5 397.0 1.55466092427572
0 0.670243041677168 296.0 395.5 1.57163543701172
0 0.687346666672966 294.5 393.0 1.55370343526204
0 0.70138033333933 293.5 392.5 1.51242802937826
0 0.722387833331595 293.5 391.5 1.45409342447917
0 0.740598166667041 293.0 391.0 1.44121564229329
0 0.753977875006967 293.0 391.0 1.43108711242676
0 0.770597666676622 293.0 391.0 1.43777605692546
0 0.788263250011369 293.0 391.0 1.42591438293457
0 0.803905791675788 293.0 391.0 1.38204765319824
0 0.821944541676203 293.0 391.0 1.38537851969401
0 0.837306541667203 293.0 390.0 1.37000579833984
0 0.851437500008615 293.0 387.0 1.42908490498861
0 0.871247166665853 293.0 378.5 1.59651985168457
0 0.887240583339008 293.0 368.0 1.64521522521973
0 0.903904250008054 292.5 355.5 1.66396827697754
0 0.920521000007284 291.0 341.0 1.68339754740397
0 0.937621750010294 289.5 324.0 1.67054532368978
0 0.954310583343613 288.0 307.5 1.7504035949707
0 0.970438750009635 286.5 295.0 1.80577341715495
0 0.987166291670292 285.0 275.0 1.83300183614095
0 1.0013708750048 284.5 263.0 1.79939041137695
0 1.02060299999721 284.0 244.0 1.52340621948242
0 1.04016920833965 284.0 228.0 1.37299054463704
0 1.05401750000601 284.0 213.0 1.32141876220703
0 1.07049316666962 284.5 199.5 1.34039967854818
0 1.0878536250093 284.5 189.5 1.33082962036133
0 1.10386766666488 284.5 182.0 1.44134241739909
0 1.12018825000268 284.5 178.0 1.45612030029297
0 1.13885579166526 284.5 175.5 1.40464096069336
0 1.15409787499812 284.0 174.5 1.29855613708496
0 1.170523291672 284.0 174.0 1.23664258321126
0 1.18735308333999 284.0 173.5 1.26175867716471
0 1.20448000000033 284.0 173.5 1.23862215677897
0 1.22074458333373 284.5 173.5 1.07231012980143
0 1.23828800000774 287.0 174.0 1.06436360677083
0 1.25400779166375 291.0 175.5 1.02729632059733
0 1.27032275000238 295.5 177.0 1.06191724141439
0 1.28783129167277 305.0 179.0 1.09715321858724
0 1.30139733334363 314.0 180.0 1.13088175455729
0 1.32228704166482 336.5 179.5 1.22717463175456
0 1.33909758333175 359.5 177.5 1.23243776957194
0 1.35391191666713 384.5 177.0 1.21094843546549
0 1.37098841667466 408.5 177.5 1.21645202636719
0 1.38770245833439 432.0 180.5 1.20781339009603
0 1.40411737500108 453.0 182.5 1.1690315246582
0 1.42043170833495 468.5 183.0 1.16605478922526
0 1.43919716667733 488.0 183.0 1.20571797688802
0 1.45141875000263 497.0 183.0 1.19169896443685
0 1.47067266667727 508.5 182.5 0.958154932657878
0 1.48744937501033 514.0 182.0 0.729810206095378
0 1.49875833334227 515.5 182.5 0.345547103881836
0 1.49909933333402 516.5 183.5 0.0

