0 0.0 310.0 270.5 0.333333333333333
0 0.021280166663928 310.5 270.5 0.333333333333333
0 0.0310187083377969 311.0 267.5 0.42864990234375
0 0.0319094583246624 311.5 268.5 0.377604166666667
0 0.0431846666615456 312.5 271.0 0.403387451171875
0 0.0537270833301591 315.5 281.5 0.405438613891602
0 0.0741112083342159 317.0 306.5 0.514680480957031
0 0.0908107083378127 317.0 332.0 0.673839823404948
0 0.107429249997949 316.0 357.5 0.820407485961914
0 0.124295833331416 313.5 379.5 0.908578236897786
0 0.139886916658725 311.0 396.5 0.92645378112793
0 0.154722958337516 308.5 417.5 1.01475664774577
0 0.170848624999053 307.0 438.0 1.18610903422038
0 0.190944375004619 306.5 459.5 1.29602813720703
0 0.207476249997853 306.5 471.0 1.22217076619466
0 0.22410762499203 306.5 479.0 1.19222602844238
0 0.241590833335067 306.5 483.5 1.1766367594401
0 0.257659083334147 306.5 485.0 1.15064188639323
0 0.274465958325891 306.0 485.5 1.18443870544434
0 0.291565374995116 306.0 486.0 1.33039283752441
0 0.305066624991014 306.0 486.5 1.35612551371257
0 0.32059104165819 306.0 486.5 1.52505353291829
0 0.340836708332063 306.5 485.5 1.48693072001139
0 0.357511624999461 309.0 483.5 1.41586888631185
0 0.375091166657512 313.0 481.0 1.34216156005859
0 0.394839291664539 318.5 479.0 1.3233570098877
0 0.408164124994073 327.0 477.5 1.32388814290365
0 0.425162666666438 337.5 476.0 1.27701034545898
0 0.44002441666089 347.0 475.5 1.26325263977051
0 0.456527333328268 364.5 475.5 1.25618336995443
0 0.470658083329909 378.0 475.5 1.23622639973958
0 0.489665375003824 401.5 476.0 1.17525774637858
0 0.507474166661268 421.5 474.5 1.17630704243978
0 0.524497874997905 442.0 473.0 1.24134063720703
0 0.54171258333372 462.0 471.5 1.29201049804687
0 0.557726916667889 479.5 470.0 1.31937065124512
0 0.574771250001504 495.5 468.5 1.32400919596354
0 0.590869791660225 506.0 467.0 1.31133206685384
0 0.607715416670544 521.0 464.5 1.31812731424967
0 0.62058933332446 529.0 463.0 1.3152660369873
0 0.64085337499273 539.5 461.5 1.27904930114746
0 0.657482166658156 546.5 461.0 1.19309959411621
0 0.674160208334797 552.0 460.0 1.13672053019206
0 0.691600249992916 556.0 459.5 1.16448911031087
0 0.707881083333632 558.5 459.0 1.25329678853353
0 0.724460666664527 559.5 458.5 1.31397234598796
0 0.741843374999007 559.5 458.5 1.45708211263021
0 0.754768041661009 559.5 458.5 1.56306800842285
0 0.770652166669606 559.5 458.5 1.68293774922689
0 0.790949624992209 559.5 457.5 1.6676815032959
0 0.80751749999763 559.5 457.5 1.65318387349447
0 0.824180958326906 559.5 457.0 1.55066833496094
0 0.841674583338317 559.0 456.5 1.50691617329915
0 0.857849458334385 558.5 455.0 1.50993245442708
0 0.874681500004954 557.5 452.0 1.59094657897949
0 0.890627291664714 557.5 449.0 1.63573468526204
0 0.904896208332502 557.0 444.5 1.70438448588053
0 0.920620208329638 556.5 438.5 1.74986877441406
0 0.940887458331417 555.5 428.5 1.71594403584798
0 0.957643666668446 554.5 417.5 1.7321772257487
0 0.974669749994064 554.5 405.0 1.73388137817383
0 0.991911374992924 554.0 391.0 1.75932235717773
0 1.00785412499681 553.0 377.0 1.8080940246582
0 1.0242378749972 552.5 361.0 1.8112663269043
0 1.04189112500171 552.0 344.5 1.82848040262858
0 1.05599191666988 552.0 331.0 1.84847933451335
0 1.07060545832792 552.5 315.5 1.88233439127604
0 1.09096600000339 554.5 298.5 1.92351888020833
0 1.10756616666913 555.5 287.0 1.92558250427246
0 1.1242266666668 556.5 277.5 1.9518788655599
0 1.14167050000106 557.0 269.5 1.87935129801432
0 1.15802508333581 558.0 262.0 1.76305160522461
0 1.1746767500008 558.5 255.5 1.70260899861654
0 1.19171083332913 559.5 250.5 1.69628143310547
0 1.20459629165998 559.5 247.5 1.65582275390625
0 1.22071029165818 560.0 245.0 1.76686604817708
0 1.2417723749968 560.0 243.5 1.75958239237467
0 1.25807691666705 560.0 243.0 1.705632909139
0 1.27431395833264 560.0 243.0 1.69086138407389
0 1.29093804166769 560.0 242.5 1.67116355895996
0 1.30764650000492 560.0 242.5 1.7371462504069
0 1.32530908333138 560.0 242.5 1.76140594482422
0 1.34110041667009 559.0 242.5 1.75101305643717
0 1.35763420832518 554.5 242.5 1.70784606933594
0 1.3707271250023 549.5 242.5 1.70155665079753
0 1.3909672916634 539.5 243.0 1.7036693572998
0 1.40766404166061 528.5 244.0 1.72659505208333
0 1.42437508332659 514.5 245.0 1.73452758789062
0 1.44095808333077 499.0 246.5 1.75708694458008
0 1.45763416666887 479.5 248.0 1.78343811035156
0 1.47461470833514 457.5 251.0 1.8187250773112
0 1.49103404166817 440.0 252.5 1.87258580525716
0 1.50498837500345 416.0 255.5 1.90747489929199
0 1.52434537500085 385.0 259.0 1.91433486938477
0 1.540943708329 364.0 260.0 1.88949025472005
0 1.55767070833826 346.5 260.0 1.82754923502604
0 1.5743237916613 330.0 260.5 1.57151298522949
0 1.59102133332635 315.5 263.0 1.07693901062012
0 1.60763604166277 299.0 270.5 0.356797917683919
0 1.61280308333517 294.5 273.5 0.0

