0 0.0 488.5 142.5 0.333333333333333
0 0.0267986249964451 489.5 139.0 0.202385838826497
0 0.0345339166669874 489.5 139.0 0.255199178059896
0 0.0448786666675005 489.5 138.5 0.340857442220052
0 0.0477519583364483 489.5 138.5 0.338285700480143
0 0.0644042916683247 488.5 138.0 0.351841735839844
0 0.0797602499951608 484.0 138.0 0.335091781616211
0 0.100047250001808 472.0 138.0 0.434499104817708
0 0.116361083331867 458.5 138.0 0.493737411499023
0 0.133051416662056 442.0 137.5 0.529678344726562
0 0.149698833338334 425.5 136.0 0.650289026896159
0 0.167376791665447 407.5 134.5 0.741571935017904
0 0.184772833337775 386.5 134.0 0.786890411376953
0 0.200053708336782 362.5 134.5 0.760914103190104
0 0.214586458328995 345.0 135.0 0.703536224365234
0 0.229750958329532 324.0 135.5 0.605914179484049
0 0.249799583340064 301.0 136.0 0.595973078409831
0 0.267614958327613 287.0 135.5 0.611686452229818
0 0.283054875006201 276.0 134.5 0.612972640991211
0 0.30000266667048 269.5 133.5 0.673085021972656
0 0.316426041667 266.5 133.5 0.681344731648763
0 0.333277333338629 266.0 134.0 0.584155654907227
0 0.349731583337416 265.5 136.0 0.443062464396159
0 0.364534333333722 265.5 143.0 0.460658772786458
0 0.380102833340061 265.5 154.5 0.426850255330404
0 0.399761458334979 265.0 175.5 0.545326868693034
0 0.416649916674942 264.5 195.5 0.658878072102865
0 0.43339629167167 264.5 217.0 0.688148752848307
0 0.449800458329264 265.0 239.5 0.739760971069336
0 0.466501375005464 266.5 260.0 0.699112447102865
0 0.483313958335202 268.0 278.0 0.703849156697591
0 0.499955333332764 269.5 294.0 0.729425430297852
0 0.514243958328734 270.5 304.0 0.740814208984375
0 0.53322204167489 271.0 318.5 0.747891362508138
0 0.546362374996534 271.0 325.0 0.701853434244792
0 0.56724087499606 272.0 332.5 0.596668497721354
0 0.583318541670451 274.0 336.5 0.577455647786458
0 0.600051958332187 278.0 340.5 0.579539235432943
0 0.61856966666528 285.5 344.0 0.551494979858398
0 0.636862375002238 298.0 347.0 0.623103332519531
0 0.650338708335767 316.0 348.5 0.674411137898763
0 0.664246000000276 335.5 348.5 0.689115142822266
0 0.679874666660908 362.5 347.0 0.594300715128581
0 0.699867666669888 394.5 345.5 0.558422597249349
0 0.717209041671595 418.0 345.0 0.600121688842773
0 0.733401541670901 438.5 346.5 0.616541035970052
0 0.749792166665429 455.0 348.5 0.581069819132487
0 0.767528124997625 469.0 350.5 0.542916488647461
0 0.783376000006683 479.5 352.0 0.522489674886068
0 0.800318291672738 486.5 352.5 0.531859079996745
0 0.814246750000166 489.0 353.0 0.517923355102539
0 0.829910125001334 490.0 353.0 0.584489822387695
0 0.850122666670359 490.0 353.0 0.858708953857422
0 0.867444333329331 490.0 351.0 0.935328165690104
0 0.884652875000029 489.5 346.5 0.956112289428711
0 0.899311750006746 489.5 339.0 0.918169784545898
0 0.915498999995179 489.5 328.5 0.896072514851888
0 0.931931208338938 490.0 317.0 0.879523468017578
0 0.949222791663487 490.5 307.0 0.881741841634115
0 0.964457666661474 491.0 291.5 0.918167114257812
0 0.979938125004992 491.0 274.5 0.946432367960612
0 0.997019416667172 491.5 256.0 0.960698699951172
0 1.01653320834157 492.0 233.0 0.959957377115885
0 1.03315029166697 492.5 215.5 0.95354258219401
0 1.04983520833775 492.5 197.5 0.883654022216797
0 1.06680337499711 492.5 179.0 0.841210810343424
0 1.08457004166848 492.5 164.0 0.775274403889974
0 1.09934858333145 492.5 154.5 0.60403200785319
0 1.11163991666399 493.0 148.0 0.415532430013021
0 1.11193308333168 494.5 145.5 0.0

