0 0.0 485.0 311.0 0.333333333333333
0 0.0305904166743858 483.0 307.5 0.441360727945964
0 0.0370550416701008 483.0 307.0 0.488694636027018
0 0.0542947083304171 482.5 305.0 0.534095891316732
0 0.0741152083355701 482.5 300.0 0.597806294759115
0 0.0903558749996591 482.0 294.0 0.648640060424805
0 0.109447958340752 481.0 285.0 0.709868621826172
0 0.123992916676798 480.5 273.5 0.726850891113281
0 0.141492208334967 480.0 260.0 0.743313217163086
0 0.15528562500549 479.5 248.5 0.770882161458333
0 0.173833333334187 478.5 229.5 0.815179443359375
0 0.190449916670332 478.5 215.5 0.901579284667969
0 0.207036749998224 478.5 201.5 0.950686518351237
0 0.223754125006963 479.5 189.0 0.905419158935547
0 0.241702250001254 481.0 177.5 0.829212824503581
0 0.2588365416741 481.5 168.0 0.761485036214193
0 0.275411708338652 481.5 160.0 0.767986297607422
0 0.290618500002893 480.5 154.5 0.816516240437826
0 0.304420916669187 480.0 151.5 0.818938191731771
0 0.324080166668864 478.5 148.5 0.751993942260742
0 0.340371916667209 477.0 147.0 0.685526657104492
0 0.35704162500042 475.0 146.0 0.65918083190918
0 0.374803375001648 471.0 145.5 0.618158721923828
0 0.390669166663429 465.0 146.5 0.654795328776042
0 0.407399583331426 455.0 149.0 0.664287312825521
0 0.424229500000365 441.5 152.0 0.670365778605143
0 0.43884300001082 430.0 154.5 0.672734451293945
0 0.457884750008816 407.0 157.5 0.706902949015299
0 0.470500333336531 392.5 159.0 0.711958312988281
0 0.490728625009069 369.0 159.5 0.736911646525065
0 0.507104416668881 351.5 159.0 0.737600072224935
0 0.523801750008715 334.0 158.5 0.734560139973958
0 0.540436041672365 318.0 158.5 0.738746897379557
0 0.557192499996745 302.5 159.5 0.764931233723958
0 0.574692958340165 289.0 161.5 0.741921106974284
0 0.590281333337771 281.5 162.5 0.715539169311523
0 0.607142208333244 274.5 163.5 0.658501180013021
0 0.620489916676888 272.0 164.0 0.640551630655924
0 0.640480666668736 271.0 164.5 0.586473592122396
0 0.657435041663121 270.5 166.5 0.536452865600586
0 0.67532345833024 271.5 171.0 0.590243275960286
0 0.690700375009328 273.5 178.0 0.60742670694987
0 0.707117708341684 275.5 188.5 0.570432535807292
0 0.724064750000252 277.5 201.5 0.603133138020833
0 0.739401208338677 278.5 212.0 0.598526255289714
0 0.755006624996895 278.5 226.5 0.604450988769531
0 0.770578124996973 277.5 241.0 0.591352081298828
0 0.790535708336392 274.5 259.5 0.697025299072266
0 0.80714045833156 272.0 274.0 0.718301645914714
0 0.824109166671406 270.0 287.0 0.708535512288411
0 0.841364624997368 268.5 298.0 0.678498967488607
0 0.857435083336895 267.5 307.0 0.644143931070964
0 0.874073124999995 266.5 315.5 0.66204579671224
0 0.889812791676377 266.0 320.5 0.670499801635742
0 0.904304958341527 266.0 325.5 0.644151941935221
0 0.924146000004839 267.5 329.5 0.552018483479818
0 0.937035416674917 268.5 331.0 0.559817504882812
0 0.956786958340672 271.5 332.0 0.578061548868815
0 0.973440375004429 278.0 332.5 0.559361521402995
0 0.990742083333316 288.0 332.5 0.674241129557292
0 1.00729108334053 302.0 332.5 0.632658894856771
0 1.02406854166475 318.0 332.0 0.563645935058594
0 1.04038525000215 331.5 332.0 0.514771016438802
0 1.05429200000071 350.5 331.5 0.464299138387044
0 1.0746311666735 376.5 330.5 0.483500798543294
0 1.09087833334343 397.0 330.0 0.486741765340169
0 1.10722258333408 417.5 330.5 0.476475143432617
0 1.12387341666908 436.5 333.0 0.491799799601237
0 1.14048075000755 454.0 336.0 0.428260548909505
0 1.16051629166759 473.5 339.0 0.25172373453776
0 1.17522604166879 485.0 339.5 0.10644785563151
0 1.17564575000142 491.5 340.0 0.0

