0 0.0 266.5 318.5 0.333333333333333
0 0.0214047916670097 267.0 317.5 0.333333333333333
0 0.0318472916696919 281.0 312.5 0.186193720499674
0 0.042193875007797 288.5 312.5 0.158849970499674
0 0.0490352500055451 294.5 312.5 0.198352177937826
0 0.0646702083322452 308.0 313.0 0.166395568847656
0 0.0811426250002114 323.5 313.5 0.182961146036784
0 0.0989820416725706 341.0 313.0 0.24050547281901
0 0.116030125005636 361.0 312.5 0.269781875610352
0 0.132312083340366 383.0 313.0 0.302269744873047
0 0.146623333333991 399.0 314.5 0.31861203511556
0 0.162351208331529 419.5 316.5 0.33717295328776
0 0.182374583338969 445.0 320.0 0.323139953613281
0 0.199285833339673 464.5 321.5 0.309360885620117
0 0.216138583331485 483.0 322.5 0.310711924235026
0 0.232586666665156 498.5 323.0 0.248075739542643
0 0.249018125003204 509.5 323.5 0.23928960164388
0 0.265814958329429 515.5 324.0 0.255874760945638
0 0.280892666662112 518.5 324.0 0.28877805074056
0 0.299946875005844 520.5 324.0 0.355053583780924
0 0.313389000002644 522.0 323.0 0.37369867960612
0 0.332452874994488 524.0 319.5 0.404006958007812
0 0.349033583333949 525.0 315.5 0.398578262329102
0 0.366082166670822 525.0 309.0 0.397227605183919
0 0.382428875003825 523.5 301.0 0.412192408243815
0 0.401174208338489 521.0 290.5 0.435867691040039
0 0.41677291666565 517.5 278.0 0.463186772664388
0 0.431001999997534 515.5 267.0 0.460775883992513
0 0.449333124997793 513.0 248.0 0.427167638142904
0 0.462317916666507 512.5 236.0 0.387523778279622
0 0.482431083335541 511.0 216.5 0.395335261027018
0 0.5000111249974 509.0 202.5 0.412997817993164
0 0.512965000001714 507.5 191.5 0.401263554890951
0 0.532729708327679 506.0 175.5 0.357104873657227
0 0.549096958333394 505.0 165.0 0.309445317586263
0 0.565864208329003 504.0 156.0 0.287425486246745
0 0.580925041664159 502.5 150.5 0.291159311930339
0 0.600023458333453 499.0 144.0 0.299442418416341
0 0.614330458338372 496.0 141.0 0.309260177612305
0 0.632423999995808 488.0 138.5 0.317068735758464
0 0.64907145833422 479.5 137.5 0.292857106526693
0 0.665490458341083 468.5 136.5 0.288688786824544
0 0.682539208341041 453.5 136.0 0.294329579671224
0 0.699489083330263 438.0 136.0 0.336111704508464
0 0.716031416668557 418.0 136.0 0.359863662719727
0 0.731308958333102 403.5 136.5 0.370416895548503
0 0.749084916664287 378.5 136.0 0.40089111328125
0 0.762388625007588 363.0 136.0 0.406748199462891
0 0.779644541660673 344.0 136.0 0.394513320922852
0 0.799106458332972 322.5 136.5 0.400200780232747
0 0.815770541667007 308.0 136.5 0.396188227335612
0 0.832414000004064 296.0 135.5 0.387688700358073
0 0.849126125001931 287.0 135.0 0.390519205729167
0 0.867079166666372 281.0 134.0 0.397925313313802
0 0.882939666669699 279.0 134.0 0.399445470174154
0 0.8991490000044 278.0 133.5 0.402002588907878
0 0.912366999997175 278.0 133.5 0.360912450154622
0 0.932455375004793 279.5 134.5 0.240967432657878
0 0.950268666667398 281.5 137.0 0.255227279663086
0 0.967827041662531 284.0 142.0 0.246925608317057
0 0.982950458332198 287.0 149.5 0.223262532552083
0 0.999152624994167 289.5 160.0 0.206229019165039
0 1.01592674999847 291.0 175.0 0.196674474080404
0 1.03273162500409 290.5 193.0 0.217853291829427
0 1.04668233334087 289.5 208.5 0.211289978027344
0 1.0625257500069 287.5 228.5 0.261958567301432
0 1.08270420834015 284.0 253.5 0.294005711873372
0 1.09910345832759 281.0 271.5 0.313082377115885
0 1.11613750000834 279.5 287.0 0.266259256998698
0 1.13246070833702 281.5 299.5 0.195601526896159
0 1.14470645833353 283.0 302.0 0.194197591145833
0 1.14574449999782 285.0 304.0 0.0

