0 0.0 542.5 185.5 0.333333333333333
0 0.0183308749983553 542.5 185.0 0.333333333333333
0 0.0260085416666698 544.0 189.0 0.306111780802409
0 0.0308360833296319 544.5 190.5 0.291662216186523
0 0.0340350000042235 545.5 193.0 0.334651947021484
0 0.0494536666665226 548.0 200.5 0.374943161010742
0 0.0634748750017025 550.0 215.5 0.383349100748698
0 0.0776953750028042 550.0 232.0 0.383360163370768
0 0.097212833337835 548.0 265.5 0.477160263061523
0 0.113640291659976 545.5 296.0 0.438626607259115
0 0.130276625000988 544.0 324.0 0.459718831380208
0 0.146927208334091 544.0 349.5 0.480754216512044
0 0.163533124999958 544.5 372.5 0.516714223225911
0 0.181165416666772 546.5 390.5 0.643972651163737
0 0.197984750004252 547.5 406.5 0.73160146077474
0 0.215036916662939 548.5 415.5 0.709100850423177
0 0.231616041666712 548.0 427.0 0.64026476542155
0 0.244983124997816 547.0 431.0 0.626201375325521
0 0.263992041669553 543.5 436.0 0.675802739461263
0 0.28015962500649 539.0 438.5 0.745748519897461
0 0.298443208332174 531.0 440.0 0.831031672159831
0 0.313597250002204 520.0 441.0 0.837157185872396
0 0.330331125005614 504.0 441.5 0.85083859761556
0 0.34721129166428 482.5 440.5 0.797835795084635
0 0.362985375002609 463.5 439.5 0.766610590616862
0 0.381674999996903 431.5 438.5 0.737014516194661
0 0.397027541665011 408.0 438.0 0.754119364420573
0 0.413563499998418 386.0 437.5 0.753421274820964
0 0.430451041669585 365.5 437.5 0.68987922668457
0 0.447014666671748 346.5 438.5 0.649663289388021
0 0.463558833333082 326.0 441.0 0.598872375488281
0 0.483819416665938 308.5 443.5 0.601038360595703
0 0.497040000002016 297.0 445.0 0.613020451863607
0 0.513330500005395 292.0 445.0 0.640500513712565
0 0.530341583333211 287.5 444.5 0.685327911376953
0 0.544322166664642 286.5 444.0 0.719469706217448
0 0.563553208339727 286.5 443.5 0.762734222412109
0 0.5816964583355 286.5 443.5 0.735840861002604
0 0.597728416672908 287.0 442.5 0.697926839192708
0 0.613715125000454 288.0 439.5 0.686589686075846
0 0.631702458340442 289.0 434.5 0.664752578735352
0 0.646906750000198 289.5 427.5 0.752073923746745
0 0.663017291662982 290.0 420.0 0.767565790812174
0 0.680574958329089 291.5 401.5 0.733102798461914
0 0.693252708326327 292.5 387.5 0.70915044148763
0 0.713608208330697 292.5 361.5 0.669534556070964
0 0.732102833339013 292.0 339.5 0.65947634379069
0 0.748622291663196 290.0 319.5 0.717324574788411
0 0.763811124998028 289.0 299.0 0.703745778401693
0 0.78039912499662 288.5 278.0 0.580870056152344
0 0.796932416662457 289.0 259.5 0.573151779174805
0 0.813264333337429 290.5 246.0 0.594738515218099
0 0.830334750004113 293.0 230.0 0.606289545694987
0 0.844222541665658 294.5 222.5 0.65277837117513
0 0.863727458330686 297.0 214.0 0.592174530029297
0 0.880334041663446 298.5 210.5 0.541895929972331
0 0.897009041669662 300.5 208.5 0.492907969156901
0 0.913481791663799 306.0 206.5 0.400441869099935
0 0.931380708338111 315.0 205.0 0.384123357137044
0 0.946986750001088 328.0 204.5 0.391228866577148
0 0.963620666661882 343.5 204.5 0.425080744425456
0 0.978012499996112 359.0 204.0 0.42068608601888
0 0.997055541665759 389.5 204.0 0.530473200480143
0 1.01391583333316 419.0 203.5 0.507238006591797
0 1.03040608332958 456.0 200.0 0.488411204020182
0 1.04706774999795 494.0 197.5 0.380341466267904
0 1.06486841666629 522.0 198.0 0.281954065958659
0 1.06916695833206 530.0 198.5 0.0

