0 0.0 252.0 392.0 0.333333333333333
0 0.0255328333296347 251.5 392.0 0.333333333333333
0 0.0335791666584555 250.5 391.0 0.274202219645182
0 0.0429307083250023 255.0 391.5 0.294833374023438
0 0.0623103333200561 269.0 392.5 0.268229675292969
0 0.0789305416546995 283.5 393.5 0.222410710652669
0 0.0959560416667955 301.0 394.5 0.208281962076823
0 0.110363958330709 316.0 395.5 0.195060348510742
0 0.128503249987261 343.5 397.5 0.191121546427409
0 0.145466791655053 369.0 397.5 0.19539540608724
0 0.161981208322686 394.0 396.0 0.238900375366211
0 0.17862762499135 419.5 395.0 0.272026189168294
0 0.196365208321367 445.5 395.0 0.262628936767578
0 0.211914666666416 468.0 396.0 0.285249837239583
0 0.229046458320227 487.5 397.0 0.195249811808268
0 0.245313374995021 503.5 397.5 0.199598821004232
0 0.260378583319834 511.5 397.5 0.185678736368815
0 0.280043041653698 519.5 395.0 0.243074162801107
0 0.295068208331941 521.5 393.0 0.278525543212891
0 0.312588333326858 524.5 386.5 0.365434900919596
0 0.328642791660968 526.0 379.0 0.367340977986654
0 0.345465583333862 526.0 369.0 0.359507751464844
0 0.362017249994096 525.0 355.5 0.349113210042318
0 0.380218416656135 522.5 339.0 0.346562830607096
0 0.398318708321312 519.5 320.5 0.404190190633138
0 0.411035708326381 518.0 305.5 0.415183639526367
0 0.426025208333158 517.5 288.0 0.451710383097331
0 0.44528662499215 517.5 267.5 0.339128875732422
0 0.461992291660863 518.0 251.0 0.301015090942383
0 0.478871666666237 519.0 235.5 0.279256057739258
0 0.496659708325751 519.0 222.5 0.273846562703451
0 0.51206958333205 517.0 212.0 0.283904266357422
0 0.529056083323667 513.5 205.0 0.260522079467773
0 0.545335999995586 508.0 200.0 0.236096700032552
0 0.560309291657177 502.0 197.0 0.224476496378581
0 0.575405666662846 491.0 193.0 0.210827255249023
0 0.595382874991628 473.0 189.5 0.279872767130534
0 0.612014374986757 453.5 188.5 0.281850814819336
0 0.628681333328132 431.5 188.5 0.312484232584635
0 0.645584541663993 409.0 188.5 0.319611358642578
0 0.661890374991344 388.5 187.5 0.334141667683919
0 0.682024874986382 369.5 184.0 0.333634567260742
0 0.698580500000389 351.0 180.5 0.34095458984375
0 0.71040837498731 337.0 178.0 0.348121134440104
0 0.725020416663028 321.0 176.0 0.346701812744141
0 0.74537037499249 305.5 175.5 0.309535217285156
0 0.762136791658122 296.5 175.5 0.279075622558594
0 0.778585208332515 291.5 177.0 0.262598546346029
0 0.795221916661831 288.0 180.0 0.160187403361003
0 0.811926583322929 285.5 186.5 0.130149841308594
0 0.828896916660597 283.5 196.0 0.147485860188802
0 0.843364874992403 282.0 206.5 0.193743133544922
0 0.861612666660221 279.0 229.5 0.242195256551107
0 0.874848166655283 277.5 246.0 0.258853149414063
0 0.895262583333533 275.5 278.5 0.331627655029297
0 0.91136879165424 273.5 308.5 0.313553619384766
0 0.928126999991946 271.5 337.5 0.243131764729818
0 0.944752333321958 270.0 365.0 0.238181559244792
0 0.961557999995421 267.5 393.0 0.0770486195882161
0 0.966091208319995 266.5 400.5 0.0

