0 0.0 344.5 185.5 0.333333333333333
0 0.0254071250092238 344.0 185.5 0.333333333333333
0 0.0336228333326289 342.5 181.5 0.403150304158529
0 0.0419531666702824 344.5 181.5 0.497908528645833
0 0.0500259166728938 347.0 181.5 0.523563893636068
0 0.0753246250096709 364.0 182.5 0.533202997843425
0 0.0878947916644393 376.5 182.5 0.446647516886393
0 0.104560000007041 395.0 182.5 0.407677841186523
0 0.121567624999443 416.0 180.5 0.388760121663411
0 0.137727708337479 441.5 178.5 0.510739517211914
0 0.15370162500767 462.5 177.0 0.634284845987956
0 0.172055833332706 489.5 174.5 0.708638636271159
0 0.186070708339685 513.5 172.5 0.746862157185872
0 0.204269624999142 539.0 171.0 0.697005081176758
0 0.220983958337456 555.0 170.0 0.642661158243815
0 0.237488625003607 567.0 169.5 0.596043904622396
0 0.254359041675343 575.0 169.5 0.584227879842122
0 0.272333333341521 580.0 169.5 0.592789967854818
0 0.290584166665212 582.5 171.0 0.591106796264648
0 0.307403250000789 584.0 173.5 0.621219762166341
0 0.318306375003885 584.5 176.5 0.625652567545573
0 0.337759291665861 584.0 187.0 0.628588994344076
0 0.354775541665731 582.5 201.5 0.642494964599609
0 0.370940749999136 581.0 221.5 0.653177769978841
0 0.389053041668376 579.5 245.0 0.644508870442708
0 0.408386166673154 580.0 270.5 0.606450398763021
0 0.421609458338935 582.0 297.0 0.582118860880534
0 0.437947875005193 584.5 323.0 0.727870686848958
0 0.453956416677102 585.5 343.5 0.803722763061523
0 0.468315250007436 586.0 368.5 0.761555353800456
0 0.484354666667059 586.5 392.0 0.780785878499349
0 0.504523249997874 584.0 418.5 0.780995305379232
0 0.521205124998232 581.5 436.5 0.782484308878581
0 0.537779083329951 579.0 450.5 0.788720321655273
0 0.554292250002618 577.5 461.0 0.755455271402995
0 0.571613833337324 576.0 468.0 0.714933268229167
0 0.587780416666646 574.0 472.5 0.72411142985026
0 0.606648333341582 572.0 475.5 0.712449391682943
0 0.618537083340925 567.5 478.0 0.922555287679036
0 0.637909750003018 560.5 479.0 1.16326192220052
0 0.654406291665509 552.0 477.5 1.19154523213704
0 0.671210958331358 541.5 474.5 1.18423716227214
0 0.688076666672714 526.5 471.5 1.16595141092936
0 0.705453250004211 507.0 469.5 1.10859044392904
0 0.721596916671842 485.0 468.0 1.05283075968424
0 0.73775404166372 463.5 467.5 1.03608767191569
0 0.754364624997834 440.5 467.5 1.01458447774251
0 0.767384000006132 424.5 467.5 0.9955810546875
0 0.784413916670019 402.5 469.0 1.00793571472168
0 0.804531625006348 376.0 471.5 1.00968894958496
0 0.82114904167247 358.5 474.5 1.01478678385417
0 0.838341958340607 343.5 477.0 1.01985880533854
0 0.854584708329639 332.0 479.0 1.05049578348796
0 0.871643125006813 323.0 480.0 1.12922948201497
0 0.887778000003891 317.0 481.0 1.19472096761068
0 0.907184708339628 314.0 481.5 1.22659327189128
0 0.91837433334149 312.5 481.5 1.21042162577311
0 0.938297541666543 312.5 482.0 1.12297274271647
0 0.95434533333173 312.5 482.0 1.10623499552409
0 0.971093916668906 312.5 482.0 1.17379659016927
0 0.987717583338963 312.5 482.0 1.2031748453776
0 1.0058362083364 312.5 482.0 1.18643849690755
0 1.02145133333397 312.5 482.0 1.19235509236654
0 1.03769891666889 312.5 482.0 1.19552281697591
0 1.05395850000787 312.5 481.5 1.11365572611491
0 1.06851570833533 312.5 481.5 1.11888999938965
0 1.08787404166651 311.0 481.0 1.10032653808594
0 1.10583779166336 310.0 480.5 1.10273145039876
0 1.12127516667533 309.0 480.0 1.1285166422526
0 1.13778158334026 307.5 479.0 1.1313050587972
0 1.15440262500488 306.0 478.5 1.11522928873698
0 1.1715411250043 305.0 477.0 1.11034736633301
0 1.18803420833137 304.0 476.0 1.11717758178711
0 1.20398766666767 302.5 474.0 1.15881500244141
0 1.21852408333507 301.5 471.0 1.22502174377441
0 1.23878379167581 301.5 466.0 1.27281494140625
0 1.25457104167435 301.0 458.0 1.31946703592936
0 1.27142745834135 300.5 450.0 1.37781689961751
0 1.28771975000564 298.5 439.5 1.39004872639974
0 1.30453966667119 296.5 427.0 1.30920651753743
0 1.32149795834266 295.0 413.0 1.20477294921875
0 1.33769791666418 294.5 398.0 1.39385935465495
0 1.35373733333836 294.0 385.5 1.39320004781087
0 1.36856154167617 294.5 367.5 1.48143692016602
0 1.38734170833777 294.5 350.0 1.61301002502441
0 1.40463962500507 294.0 329.5 1.64356206258138
0 1.42114545834193 293.5 313.5 1.70124333699544
0 1.43815699999686 292.5 297.5 1.55781656901042
0 1.45436858333414 291.5 281.0 1.48784217834473
0 1.47169470833614 290.0 266.0 1.47595189412435
0 1.49063620834204 288.0 251.0 1.52252349853516
0 1.5062690833438 286.5 241.0 1.56645940144857
0 1.52170800000022 284.0 226.5 1.60184275309245
0 1.53789841667458 283.0 216.5 1.6769479115804
0 1.55449858334032 282.5 209.0 1.63010698954264
0 1.57113974999811 282.0 203.0 1.59073079427083
0 1.58799300000828 281.5 199.5 1.59439875284831
0 1.60484383333824 281.0 197.0 1.54876403808594
0 1.6218771666754 281.0 196.0 1.55483156840007
0 1.64070941666432 281.0 195.0 1.59802691141764
0 1.65564287500456 281.0 194.5 1.63250719706217
0 1.67132283333922 281.0 194.5 1.56404418945312
0 1.68809737500851 281.0 194.5 1.42305603027344
0 1.70471950000501 281.0 194.5 1.30819002787272
0 1.72116795834154 281.0 194.5 1.26391143798828
0 1.73772908333922 281.0 194.5 1.27366498311361
0 1.75446204167383 281.0 194.5 1.23810590108236
0 1.77190662499925 281.0 194.5 1.32508659362793
0 1.78777125000488 281.0 194.5 1.39985885620117
0 1.80378591666522 281.0 194.5 1.46358172098796
0 1.82130908333056 281.0 194.5 1.52658373514811
0 1.83514624999953 281.0 194.5 1.51005427042643
0 1.8549080833327 280.5 194.5 0.781860224405925
0 1.86212800000794 278.5 196.0 0.0

