0 0.0 532.5 360.0 0.333333333333333
0 0.0200857500021812 532.5 359.5 0.333333333333333
0 0.0247797500051092 532.5 358.0 0.333333333333333
0 0.0362395833362825 529.5 356.0 0.611357498168945
0 0.0452348750113742 526.5 356.5 0.584986623128255
0 0.0510720000020228 523.5 357.0 0.56290028889974
0 0.0667430000030436 514.0 358.5 0.593014653523763
0 0.0846088333346415 500.5 360.0 0.60250358581543
0 0.101603583330871 482.5 361.0 0.70350596110026
0 0.118411708332133 462.0 362.0 0.83152338663737
0 0.134848208341282 442.5 363.0 0.902477137247721
0 0.149081875002594 427.0 363.5 0.954065068562825
0 0.16501199999766 406.0 364.0 0.945199712117513
0 0.184967166671413 377.5 366.0 0.890195465087891
0 0.201250708341831 355.0 368.5 0.870142110188802
0 0.218060708342819 335.5 370.5 0.890546035766602
0 0.23552995834325 319.5 372.5 0.891897455851237
0 0.251295624999329 307.5 373.0 0.89883918762207
0 0.268654500003322 298.5 373.5 0.902382024129232
0 0.285605708340881 292.0 373.5 0.913319396972656
0 0.299578125006519 289.0 373.0 0.948985290527344
0 0.314757708343677 286.5 372.0 0.968435668945313
0 0.334706125009689 285.5 371.5 0.968520863850911
0 0.351573458334315 285.5 371.0 0.980750783284505
0 0.364937958336668 285.5 370.5 0.9130859375
0 0.384745958333951 286.5 368.5 0.907983271280924
0 0.401323250000132 287.5 365.5 0.96591796875
0 0.418672541665728 288.5 361.0 0.965921401977539
0 0.435214666664251 288.5 355.5 1.0207457224528
0 0.449354750002385 288.5 347.0 1.08556620279948
0 0.464705416670768 287.5 335.0 1.12842140197754
0 0.484756666672183 287.5 315.5 1.12601191202799
0 0.50148837499728 288.5 295.0 1.09934946695964
0 0.51831562499865 289.0 276.0 1.10000839233398
0 0.535588083337643 289.0 256.5 1.1107053120931
0 0.551573291668319 288.5 237.5 1.07300465901693
0 0.567993958335137 288.0 219.5 1.05194218953451
0 0.585574833341525 288.0 201.5 1.02013524373372
0 0.599225625002873 288.0 188.5 0.921296564737956
0 0.614716124997358 288.5 173.5 0.937431971232096
0 0.634791208343813 288.5 160.5 1.06907068888346
0 0.651324750011554 288.0 153.5 1.06003430684408
0 0.668017541669542 288.0 149.5 1.02403043111165
0 0.685764291672967 288.0 147.0 0.900365829467773
0 0.701716458337614 289.0 145.0 0.819698206583659
0 0.718545416675624 293.0 143.5 0.730758158365885
0 0.735556750005344 300.5 142.5 0.71891975402832
0 0.749181541672442 308.5 142.5 0.68364372253418
0 0.764743333333172 321.0 144.0 0.747036997477214
0 0.784803125003236 340.5 146.5 0.754355494181315
0 0.80143125000177 360.5 148.0 0.780101648966471
0 0.818052750008064 381.0 149.0 0.806319300333659
0 0.83549425000092 402.5 150.0 0.814213562011719
0 0.851833208333119 424.0 150.5 0.837473805745443
0 0.868707583344076 442.0 151.0 0.762860997517904
0 0.885689291666495 458.0 150.5 0.784575653076172
0 0.899197625010856 468.0 150.0 0.832355372111003
0 0.914758083337802 481.5 149.0 0.882100550333659
0 0.935064875011449 496.0 147.5 0.81606699625651
0 0.951386166678276 506.5 147.0 0.714198048909505
0 0.968202791671501 514.5 146.5 0.647140630086263
0 0.984861250006361 520.5 146.5 0.578601455688477
0 1.00145620833791 524.5 147.0 0.527027893066406
0 1.01911320834188 527.0 147.5 0.571724065144857
0 1.03495554167603 529.0 148.0 0.593366114298503
0 1.04906870833656 530.5 149.0 0.589599482218425
0 1.06816854166391 532.0 150.0 0.595309193929036
0 1.08483074999822 534.0 151.0 0.620943069458008
0 1.10170129167091 535.5 152.0 0.62941525777181
0 1.11807612499979 536.5 152.5 0.663722737630208
0 1.13563541667827 537.0 152.5 0.72093760172526
0 1.15169045834045 538.0 153.0 0.735913976033529
0 1.16867491666926 538.5 153.5 0.750457382202148
0 1.18513954167429 539.5 154.0 0.773707580566406
0 1.19917845833697 540.0 154.5 0.791790008544922
0 1.21485654167191 541.0 155.0 0.789452870686849
0 1.23491712500982 542.0 156.5 0.79563725789388
0 1.25144495833956 543.0 158.5 0.75487174987793
0 1.26844241666549 544.0 161.5 0.736471939086914
0 1.28481462500349 544.5 166.5 0.732698313395182
0 1.30166345833277 545.0 173.5 0.750765991210937
0 1.31838650000282 545.5 184.0 0.744948450724284
0 1.33566270834126 547.0 196.5 0.705949274698893
0 1.34946350000973 548.5 207.5 0.65996208190918
0 1.36488566666958 551.0 223.5 0.658744939168294
0 1.38485208334168 553.5 243.0 0.728775024414062
0 1.40150595833256 554.0 260.0 0.783821360270182
0 1.41809225000907 553.5 277.0 0.884690856933594
0 1.43508350000775 552.0 297.0 0.940624745686849
0 1.45140225000796 551.0 316.5 0.942909749348958
0 1.46905858333048 549.5 334.5 0.854224650065104
0 1.4853421250009 548.5 351.5 0.810857009887695
0 1.49913850000303 547.0 364.0 0.704103597005208
0 1.51486358333204 545.5 379.5 0.554955291748047
0 1.52990291667811 545.0 389.5 0.229143397013346
0 1.53019562500413 545.0 392.5 0.0

