0 0.0 330.0 202.0 0.333333333333333
0 0.026921124997898 328.5 207.5 0.225839360555013
0 0.0488402499904623 328.5 220.0 0.358359018961589
0 0.0595961666549556 328.5 232.5 0.382594299316406
0 0.0888088749925373 328.5 268.5 0.543938827514648
0 0.0962569166586036 326.5 288.5 0.642746734619141
0 0.113176791666774 323.0 315.0 0.712065887451172
0 0.129833499988308 319.0 340.5 0.730854924519857
0 0.14699416665826 317.0 360.0 0.783990732828776
0 0.159229999990202 315.0 384.0 0.902509689331055
0 0.17957466666121 313.5 408.0 0.928561655680339
0 0.195948208332993 312.5 423.5 0.968619537353516
0 0.213159666658612 311.0 433.5 0.874521764119466
0 0.230733666656306 310.0 441.0 0.821072260538737
0 0.248753624997335 309.0 446.0 0.717899449666341
0 0.263155041655409 309.0 448.0 0.623446400960286
0 0.279357333332882 312.0 448.5 0.581352996826172
0 0.294402666666429 316.5 446.5 0.573119354248047
0 0.310922499993467 325.5 442.5 0.580448532104492
0 0.326312624994898 337.0 437.5 0.617246627807617
0 0.346254041665816 355.5 431.5 0.612845611572266
0 0.362872249999782 372.5 427.0 0.591367594401042
0 0.379801874994882 392.5 423.0 0.568780390421549
0 0.396187208330957 414.5 420.0 0.569084676106771
0 0.416299749995233 435.5 417.5 0.575563176472982
0 0.429388916658354 452.0 416.0 0.576921208699544
0 0.444622374998289 472.5 414.5 0.583921559651693
0 0.459220624994487 491.0 413.5 0.573324076334635
0 0.479519000000437 508.0 413.5 0.560871887207031
0 0.497529374988517 518.5 413.5 0.555750910441081
0 0.51294999998936 526.0 413.5 0.520475387573242
0 0.529490666667698 531.5 413.5 0.486828994750977
0 0.546715708333068 536.0 413.0 0.45641352335612
0 0.563329791664728 539.0 411.0 0.445667012532552
0 0.582408791655325 541.5 409.0 0.477665583292643
0 0.598514791665366 543.5 407.0 0.471230443318685
0 0.612998333323048 546.5 404.5 0.462396113077799
0 0.629842374997679 549.0 402.0 0.439640935262044
0 0.646105374995386 551.0 399.0 0.434029769897461
0 0.662992416662746 552.5 396.5 0.414732487996419
0 0.679666208321578 553.0 394.5 0.466514078776042
0 0.696109374999651 554.5 393.0 0.48717041015625
0 0.713882999989437 555.5 391.5 0.453468068440755
0 0.732721958323964 556.5 390.5 0.465629323323568
0 0.747830583321047 556.5 390.0 0.459915669759115
0 0.759207041657646 556.5 390.0 0.451959101359049
0 0.779575166656286 556.0 389.5 0.48267567952474
0 0.7964982916601 555.0 389.0 0.448861821492513
0 0.812943124998128 554.0 388.5 0.443600463867187
0 0.829644666664535 553.0 387.0 0.422904459635417
0 0.850367958322749 551.5 384.0 0.490513356526693
0 0.862951333328965 550.0 378.5 0.667756907145182
0 0.879437625000719 549.0 372.5 0.711672592163086
0 0.896184124998399 546.5 360.5 0.69793446858724
0 0.910924083334976 545.5 351.5 0.72871945699056
0 0.92953904166643 543.0 336.0 0.672904841105143
0 0.947565833324916 541.5 321.0 0.705920282999674
0 0.963259999989532 540.0 306.0 0.774938456217448
0 0.979571749994648 537.5 291.5 0.865774281819661
0 0.996305916662095 535.5 278.0 0.918271128336589
0 1.01337120833341 533.5 266.0 0.900208028157552
0 1.02953183332284 532.0 253.5 0.780623118082682
0 1.04728770832298 530.5 244.0 0.736678059895833
0 1.06303495832253 529.0 230.5 0.702239608764648
0 1.07966099999612 528.0 221.0 0.709165700276693
0 1.09616137499688 526.5 213.0 0.720838673909505
0 1.11310933332425 525.0 207.0 0.692950693766276
0 1.12993779165845 523.5 202.5 0.62332649230957
0 1.14631187499617 521.5 199.0 0.554917271931966
0 1.16333445832424 519.5 196.0 0.489551417032878
0 1.18053758332098 516.5 193.5 0.474060694376628
0 1.19702670832339 512.5 192.0 0.467197926839193
0 1.21320370832109 503.0 191.0 0.552748107910156
0 1.22966512499261 491.5 191.0 0.572146352132161
0 1.24635491665686 476.5 192.0 0.603990300496419
0 1.26288733333058 458.0 193.5 0.677758407592773
0 1.27947587499511 437.5 196.0 0.756376266479492
0 1.29660266665451 416.0 198.5 0.79047368367513
0 1.31401508333511 396.5 199.5 0.691128921508789
0 1.33325133332983 377.0 200.0 0.7115172068278
0 1.34548912500031 363.0 200.0 0.689511489868164
0 1.35940000000119 345.5 200.0 0.32943369547526
0 1.36548620833491 341.5 200.5 0.0

