0 0.0 277.5 365.0 0.333333333333333
0 0.0230342083377764 277.0 365.0 0.333333333333333
0 0.0250685416685883 274.0 362.0 0.791731770833333
0 0.0332189166656462 274.0 361.0 0.855729166666667
0 0.0440365833346732 273.5 359.0 0.9640625
0 0.0628074999985984 273.5 352.5 0.899468866984049
0 0.0798427916743094 273.0 344.5 0.987146886189779
0 0.0961343333328841 271.5 334.0 1.05380592346191
0 0.114040500004194 269.5 320.5 1.11435139973958
0 0.130826125008753 267.5 305.5 1.0704345703125
0 0.143610708328197 266.5 293.0 1.1046885172526
0 0.163165000005392 264.5 273.0 1.16379381815592
0 0.179605750003248 262.5 256.5 1.17203598022461
0 0.196251541667152 261.0 240.5 1.15538686116536
0 0.213752124996972 259.5 226.0 1.10687026977539
0 0.230946791663882 257.0 213.0 0.993552907307943
0 0.249307874997612 254.5 201.0 1.00554695129395
0 0.263223291665781 252.5 191.0 1.03309046427409
0 0.278086000005715 251.0 183.5 1.02909418741862
0 0.293602000005194 249.5 175.0 1.00892512003581
0 0.31291895834147 248.5 167.5 0.979692840576172
0 0.3270082083327 248.5 163.5 0.938612111409505
0 0.346168333329842 249.0 159.5 0.925185267130534
0 0.363737083331216 249.5 157.0 0.912805048624674
0 0.381149583336082 251.0 155.5 0.917711639404297
0 0.400373041673447 253.5 154.5 0.875569788614909
0 0.413502958341269 256.0 154.0 0.833463414510091
0 0.429536875002668 260.5 154.0 0.786470031738281
0 0.44329433333769 264.5 154.5 0.756717300415039
0 0.462983833334874 277.0 155.5 0.77395133972168
0 0.476652958328486 289.0 155.5 0.821771113077799
0 0.496842833337723 314.0 155.5 0.772863260904948
0 0.512841083342209 336.0 155.0 0.730852254231771
0 0.530286666675238 360.5 154.5 0.715143966674805
0 0.546391374999075 385.5 154.5 0.719072469075521
0 0.563823083328316 413.0 152.5 0.770357894897461
0 0.580293583334424 434.0 151.0 0.800897725423177
0 0.596380291666719 464.5 149.0 0.800191879272461
0 0.609580208329135 481.5 148.5 0.812768173217773
0 0.629548583339783 503.0 150.0 0.700881322224935
0 0.646185458332184 514.0 153.0 0.610032145182292
0 0.663167166669155 521.5 155.5 0.557238133748372
0 0.680485375007265 526.0 158.0 0.554563522338867
0 0.699224583338946 528.5 159.5 0.538275400797526
0 0.713443125001504 529.5 162.0 0.564141464233398
0 0.728857333335327 530.5 164.5 0.57253303527832
0 0.74342354167311 530.5 169.5 0.567317326863607
0 0.7629306250019 530.0 179.5 0.557695388793945
0 0.77671887500037 529.0 188.5 0.579431533813477
0 0.796544625001843 529.5 205.5 0.564992014567057
0 0.812883333332138 532.0 220.0 0.558269500732422
0 0.829939000002923 535.0 237.5 0.568205769856771
0 0.846214458331815 537.5 255.0 0.589596684773763
0 0.863876541669015 539.5 272.0 0.594732030232747
0 0.881141916674096 540.5 288.5 0.664891179402669
0 0.896423583340948 541.0 299.5 0.687254333496094
0 0.913260250003077 541.0 315.5 0.720925140380859
0 0.929596250003669 541.0 328.5 0.719392013549805
0 0.946225708335987 540.0 339.5 0.635794830322266
0 0.962903416671907 539.0 349.0 0.56709836324056
0 0.979584250002517 537.0 356.0 0.567495981852214
0 0.996517624997068 535.5 360.5 0.62966194152832
0 1.01326429167239 534.0 363.5 0.684259287516276
0 1.02857079166279 533.0 365.0 0.703771082560221
0 1.04345679166727 531.5 366.5 0.72342160542806
0 1.06298895833606 528.5 367.0 0.874763107299805
0 1.07987804166623 525.0 367.0 0.933702850341797
0 1.09655025000393 519.5 366.0 0.981531397501628
0 1.1131340416614 513.0 365.0 1.00232531229655
0 1.12960200000089 503.5 364.0 0.990538533528646
0 1.14622624999902 492.0 364.0 0.918660990397135
0 1.16337683334132 477.5 364.0 0.855765787760417
0 1.17941525000788 464.5 364.5 0.846797943115234
0 1.19323787500616 442.5 366.5 0.847579956054688
0 1.21291529167502 413.5 370.0 0.891326649983724
0 1.22958329167159 387.0 374.0 0.937447992960612
0 1.24653645833314 362.0 377.0 0.940427652994792
0 1.26294400000188 337.5 378.5 0.948911158243815
0 1.27974325000832 313.0 379.0 0.942934926350911
0 1.2962795416679 292.5 378.0 0.894224166870117
0 1.31306708333432 276.0 378.0 0.821472549438477
0 1.32806308333238 266.0 378.5 0.624908192952474
0 1.33801708334067 261.0 380.5 0.210375340779622
0 1.33843491667358 259.0 381.5 0.0

