0 0.0 299.0 213.5 0.333333333333333
0 0.0109817500051577 299.0 211.5 0.333333333333333
0 0.0114612500037765 300.0 207.0 0.333333333333333
0 0.0165342083346331 301.5 204.5 0.0494790395100911
0 0.0207531250052853 302.0 205.5 0.0161457061767578
0 0.0246687500039116 302.5 206.5 0.0
0 0.050699416664429 307.0 225.0 0.322903569539388
0 0.0659979166666744 307.0 247.0 0.370472590128581
0 0.0828344583278522 304.0 274.0 0.427641042073568
0 0.0997939999942901 300.0 300.0 0.445677820841471
0 0.116451875001076 296.5 325.0 0.449969609578451
0 0.133494708337821 294.5 348.0 0.51221071879069
0 0.149512833333574 293.0 363.0 0.521436818440755
0 0.164470166666433 291.5 382.0 0.618285751342773
0 0.184248916659271 291.5 400.5 0.622576395670573
0 0.199659833335318 292.5 409.5 0.55050671895345
0 0.216706000006525 295.0 413.5 0.469769414265951
0 0.233185874996707 299.5 415.5 0.448366546630859
0 0.249726291673142 307.0 416.0 0.431340535481771
0 0.270443583329325 319.0 417.0 0.506433995564779
0 0.283131958334707 335.0 418.0 0.558480707804362
0 0.2993494583352 349.0 419.0 0.562605539957682
0 0.314728375000414 370.5 420.5 0.533057657877604
0 0.334464750005282 401.0 422.0 0.368097813924154
0 0.349827416663175 426.0 422.0 0.277771759033203
0 0.366425000000163 450.5 421.5 0.277247746785482
0 0.383732833332033 474.5 421.0 0.389954121907552
0 0.399788249997073 496.5 420.5 0.451827112833659
0 0.4164541666687 517.5 420.5 0.526469802856445
0 0.433131833327934 536.0 422.0 0.534404500325521
0 0.44965441666136 551.0 423.5 0.463237762451172
0 0.466811916659935 560.5 424.5 0.467468897501628
0 0.480524666665588 569.5 425.5 0.40496571858724
0 0.499846749997232 578.0 426.5 0.341760381062826
0 0.516494791663717 583.0 427.0 0.342337290445964
0 0.533249458327191 586.5 424.5 0.367289098103841
0 0.549991583335213 588.5 420.5 0.355935033162435
0 0.570107291670865 589.0 413.5 0.464266077677409
0 0.583183291659225 590.0 404.0 0.518058395385742
0 0.59919991667266 590.5 395.0 0.524715042114258
0 0.616500541669666 591.5 377.0 0.532536443074544
0 0.630409208330093 592.0 365.0 0.54700075785319
0 0.651144999996177 593.5 343.0 0.572824350992839
0 0.666469416668406 595.0 323.5 0.641209920247396
0 0.683248583329259 597.5 304.0 0.689803059895833
0 0.699863958332571 600.5 286.0 0.689605077107747
0 0.717312333334121 603.5 269.0 0.734601084391276
0 0.733267333329422 606.0 253.0 0.619917678833008
0 0.752181874995586 607.0 240.0 0.619897333780924
0 0.764352500002133 607.0 231.5 0.608992767333984
0 0.783287958329311 605.5 220.5 0.554604975382487
0 0.800079749998986 601.5 214.0 0.444511922200521
0 0.818031291666557 596.0 207.5 0.351592890421549
0 0.833063041660353 587.0 201.5 0.312576548258464
0 0.849715333330096 574.5 198.5 0.228575261433919
0 0.866531249994296 557.0 197.0 0.308827209472656
0 0.883293999999296 535.5 197.0 0.310353215535482
0 0.89981004166475 510.0 197.0 0.316412480672201
0 0.916885416663717 487.0 198.0 0.309014511108398
0 0.933077124995179 447.5 201.5 0.430993398030599
0 0.949863791669486 416.5 204.0 0.463396072387695
0 0.966698416668805 389.5 205.0 0.501107660929362
0 0.983131208326085 366.5 205.0 0.37748057047526
0 0.994540791667532 356.0 204.5 0.354868570963542
0 0.994856250006706 351.0 204.0 0.0

