0 0.0 462.5 265.0 0.333333333333333
0 0.0194552916800603 462.5 264.0 0.333333333333333
0 0.0222570000041742 462.5 262.5 0.381770833333333
0 0.033788500004448 458.5 260.5 0.39679209391276
0 0.0439171250036452 456.5 264.5 0.385726547241211
0 0.0546534583554603 455.5 272.0 0.418811670939128
0 0.0715882083459292 455.5 285.5 0.449097061157227
0 0.0882732916797977 459.0 315.5 0.545829900105794
0 0.10496100000455 465.5 369.0 0.571177164713542
0 0.121402083343128 470.0 408.0 0.498528925577799
0 0.138133625005139 472.5 437.5 0.26120491027832
0 0.143364333343925 473.5 443.0 0.0

