0 0.0 480.5 243.5 0.333333333333333
0 0.0294827499892563 480.5 243.0 0.333333333333333
0 0.0314029583241791 476.5 237.0 0.252139536539714
0 0.0397721249901224 475.5 236.0 0.274675496419271
0 0.0662574166781269 472.5 231.5 0.340081532796224
0 0.0821515000134241 471.5 230.0 0.370666122436523
0 0.100075708323857 471.5 229.5 0.491852442423503
0 0.115365541656502 471.5 238.5 0.4982421875
0 0.129328583338065 472.0 254.0 0.589490636189779
0 0.148582833324326 470.5 291.0 0.55208371480306
0 0.165324916655663 469.5 325.0 0.475791041056315
0 0.182030750002014 467.5 361.0 0.327078119913737
0 0.193325541680679 467.0 379.0 0.305362192789714
0 0.193587583344197 466.0 388.5 0.0

