0 0.0 451.0 476.0 0.333333333333333
0 0.0224303749855608 447.5 472.0 0.563671875
0 0.0336739583290182 446.5 469.5 0.623131434122721
0 0.042741749988636 446.0 464.0 0.680731201171875
0 0.0632157916552387 442.0 444.5 0.827604166666667
0 0.0814663333294448 439.0 417.0 0.772448857625326
0 0.0969912083237432 438.5 384.5 0.755143229166667
0 0.113517291669268 438.5 346.0 0.603841272989909
0 0.130075291672256 439.5 305.5 0.367028172810872
0 0.143976499995915 440.5 281.5 0.283572896321615
0 0.154899833316449 441.5 270.5 0.153874206542969
0 0.155248541675974 441.0 266.0 0.0

