0 0.0 442.0 422.0 0.333333333333333
0 0.0188708333298564 442.0 422.5 0.415885416666667
0 0.0283353333070409 440.5 421.5 0.565657424926758
0 0.0381415416486561 439.5 417.5 0.82756233215332
0 0.0437687499797903 438.5 412.5 0.806090037027995
0 0.0601211249886546 438.0 404.0 0.865618515014648
0 0.0735354583302978 436.0 388.5 0.906792322794596
0 0.0902524583216291 434.5 368.0 0.99767100016276
0 0.106704666657606 434.5 344.0 1.05726598103841
0 0.127749958308414 434.5 318.0 0.956944783528646
0 0.140271749987733 434.0 292.5 0.796108881632487
0 0.157056333322544 432.0 268.5 0.440464019775391
0 0.1733784583339 429.0 254.5 0.149033864339193
0 0.173720041668275 427.0 250.5 0.0

