0 0.0 409.0 302.0 0.333333333333333
0 0.0210474583145697 408.5 303.0 0.333333333333333
0 0.042022083332995 407.5 302.0 0.524995803833008
0 0.0508104999898933 409.5 299.0 0.438010406494141
0 0.0601334166713059 411.5 296.0 0.467087046305339
0 0.0707933333178516 415.5 290.0 0.517826716105143
0 0.0907789166667499 422.0 279.5 0.52000846862793
0 0.10740904166596 427.5 270.5 0.506058247884115
0 0.124520374985877 433.5 259.5 0.442504755655924
0 0.140793666651007 438.0 250.0 0.410399754842122
0 0.157517874991754 441.0 244.0 0.413669840494792
0 0.17594137499691 442.0 241.5 0.386347071329753
0 0.192471458314685 442.0 241.0 0.493416341145833
0 0.205204500001855 442.0 241.5 0.434019597371419
0 0.220839833316859 442.0 247.0 0.396739323933919
0 0.240774791658623 442.5 266.0 0.497956848144531
0 0.257461333327228 444.0 293.0 0.569427108764648
0 0.274245458334917 445.0 325.0 0.661643473307292
0 0.292546083335765 445.0 354.5 0.620273208618164
0 0.307982124999398 444.0 378.0 0.503228759765625
0 0.324319999985164 442.5 398.5 0.239186859130859
0 0.329448375006905 442.0 403.5 0.0

