0 0.0 442.0 436.5 0.333333333333333
0 0.0219331250118557 442.0 437.0 0.333333333333333
0 0.0357697083381936 438.5 433.5 0.544795862833659
0 0.0442835416761227 438.0 429.5 0.644791666666667
0 0.0528204999864101 437.5 426.0 0.691145833333333
0 0.0644939583435189 437.5 418.5 0.791145833333333
0 0.0799052083457354 437.0 404.0 0.883337529500326
0 0.0947079583420418 437.0 376.5 0.863114420572917
0 0.115640000003623 439.0 330.5 0.770412063598633
0 0.128849625005387 440.0 302.5 0.646581776936849
0 0.147682416660246 440.5 269.5 0.337742869059245
0 0.155994083324913 440.5 264.5 0.273072942097982
0 0.156438750011148 439.0 260.5 0.0

