0 0.0 488.0 261.5 0.333333333333333
0 0.0268858750059735 487.5 261.5 0.333333333333333
0 0.0278816666686907 486.5 261.5 0.2234375
0 0.0359253333299421 474.0 259.5 0.5015625
0 0.0499835416558199 468.5 260.5 0.484603373209635
0 0.056409208336845 465.0 262.0 0.505540720621745
0 0.0683234166644979 456.5 265.5 0.547042846679688
0 0.0882809583272319 442.0 275.5 0.549623489379883
0 0.104909958317876 428.0 288.5 0.565276845296224
0 0.118369583331514 417.0 301.5 0.513378524780273
0 0.138260583335068 403.0 323.5 0.434973017374674
0 0.154908625001553 397.0 341.5 0.495743179321289
0 0.171698541671503 395.5 363.5 0.579028065999349
0 0.189164374984102 400.5 386.5 0.625422159830729
0 0.203083750006044 407.5 402.5 0.649655278523763
0 0.218305458314717 419.0 418.5 0.514016469319661
0 0.238271208334481 434.0 428.5 0.389129511515299
0 0.254943208332406 446.5 427.5 0.419661458333333
0 0.271715708338888 458.5 418.5 0.462242635091146
0 0.289445125003112 467.5 404.0 0.604211298624674
0 0.305364833329804 472.5 386.5 0.767164993286133
0 0.321706624992657 473.5 371.0 0.936340077718099
0 0.339208374993177 467.5 362.5 0.98306516011556
0 0.352976291673258 457.5 361.0 1.07032877604167
0 0.368182916659862 438.5 367.5 0.811233266194661
0 0.388366666651564 418.5 381.0 0.612952168782552
0 0.404993500007549 410.5 388.5 0.412494913736979
0 0.417006125004264 409.0 392.0 0.158235677083333
0 0.417348083341494 408.5 394.0 0.0

