0 0.0 502.5 265.5 0.333333333333333
0 0.0255355833214708 502.0 265.0 0.333333333333333
0 0.0274990416655783 489.0 262.0 0.51614990234375
0 0.0345393333118409 484.5 263.5 0.591150029500325
0 0.0674209999851882 463.0 280.0 0.466855621337891
0 0.0766512499831151 456.0 287.5 0.447805023193359
0 0.096731458324939 437.0 313.5 0.377239227294922
0 0.113249666668708 423.0 339.0 0.37935676574707
0 0.13093704165658 415.0 365.0 0.430223846435547
0 0.150756833318155 413.0 399.0 0.62133674621582
0 0.163176874979399 415.5 411.0 0.681410980224609
0 0.179885208315682 427.0 440.5 0.763509877522786
0 0.196509250003146 439.0 455.5 0.725792185465495
0 0.213233208312886 453.0 463.0 0.636524709065755
0 0.230105416645529 466.5 464.0 0.581237920125325
0 0.24660087499069 479.0 457.5 0.563464991251628
0 0.26467220831546 490.0 445.5 0.61408945719401
0 0.280416708323173 496.5 430.5 0.614404932657878
0 0.296641083317809 498.5 418.0 0.793069458007812
0 0.313190291664796 497.0 411.5 0.921660995483398
0 0.329879041644745 484.5 405.5 0.901622899373372
0 0.345002749993 472.5 405.5 0.946342849731445
0 0.363210749987047 447.5 419.0 0.620389684041341
0 0.379877416649833 428.0 438.5 0.412082290649414
0 0.396787249977933 416.5 458.5 0.255557250976563
0 0.407933041657088 415.0 466.5 0.139727528889974
0 0.408261041651713 414.5 470.0 0.0

