0 0.0 457.0 268.5 0.333333333333333
0 0.000378416676539928 454.0 268.5 0.333333333333333
0 0.00162808335153386 450.5 267.0 0.333333333333333
0 0.0076027916802559 443.5 266.0 0.453768666585286
0 0.0133746666833758 440.0 266.0 0.521087392171224
0 0.0200735416729003 436.5 266.0 0.561847559611003
0 0.0245074166741688 429.5 267.5 0.620360310872396
0 0.0441253333410714 411.0 274.0 0.656044260660807
0 0.0838173333322629 379.5 296.0 0.5379945119222
0 0.094674958352698 371.0 306.0 0.530583699544271
0 0.112567750009475 361.0 322.0 0.510064951578776
0 0.125878874998307 354.5 335.5 0.488408788045247
0 0.141786208347185 350.5 355.0 0.569551722208659
0 0.16129891667515 352.5 380.0 0.678880945841471
0 0.177776750002522 363.5 399.0 0.722666549682617
0 0.197502291674027 379.5 413.5 0.674433898925781
0 0.215469916671282 397.5 423.0 0.555497741699219
0 0.227698958333349 416.5 425.5 0.507305018107096
0 0.244999375019688 436.0 422.0 0.447804133097331
0 0.261104458331829 454.5 411.0 0.524384943644206
0 0.275851166661596 465.0 399.0 0.518812306722005
0 0.294590583333047 474.0 381.0 0.556646474202474
0 0.311129458335927 477.5 363.0 0.807463836669922
0 0.327997083339142 472.0 355.5 0.959279251098633
0 0.344445416674716 458.0 351.5 0.894622802734375
0 0.361119625013089 439.5 353.0 0.820837275187175
0 0.377718166681007 416.5 364.0 0.654954274495443
0 0.3974465833453 396.0 381.0 0.421176274617513
0 0.415201958356192 381.0 401.0 0.175952021280924
0 0.422751791687915 380.0 404.0 0.119027455647786
0 0.42310004166211 378.5 407.0 0.0

