0 0.0 476.0 312.5 0.333333333333333
0 0.022971291677095 473.5 311.0 0.333333333333333
0 0.0260337083309423 471.0 309.0 0.702864583333333
0 0.0331250416638795 452.5 299.5 0.60085194905599
0 0.0416400416579563 445.5 297.5 0.683798599243164
0 0.0528814166609664 440.5 296.0 0.738067626953125
0 0.067956791666802 431.5 295.0 0.824017461140951
0 0.0875093750073574 420.0 296.0 0.761895243326823
0 0.10506366667687 410.5 302.0 0.684982045491536
0 0.122445416665869 399.5 313.0 0.611901092529297
0 0.138062333338894 387.0 331.5 0.529241943359375
0 0.154197541676695 373.5 359.0 0.522758229573568
0 0.170825791661628 364.5 387.0 0.609733454386393
0 0.187584625004092 360.5 414.0 0.630987167358398
0 0.203920208325144 362.0 432.5 0.822426478068034
0 0.221183374989778 375.5 456.5 0.979666264851888
0 0.234215958334971 388.5 467.5 1.05493558247884
0 0.254176374990493 414.5 479.5 0.90828971862793
0 0.270894249988487 435.0 482.5 0.780185317993164
0 0.287531541660428 454.0 477.5 0.623106257120768
0 0.305422166682547 470.5 465.0 0.492972946166992
0 0.3210969583306 481.5 446.5 0.509751001993815
0 0.338505333347712 488.0 426.0 0.693190002441406
0 0.355731416668277 488.5 410.5 0.986842854817708
0 0.370159666665131 482.5 402.5 1.10468139648437
0 0.384509708324913 468.5 398.5 1.34994697570801
0 0.403851666662376 443.0 406.5 0.85880495707194
0 0.420846875000279 423.5 423.0 0.586833572387695
0 0.438485624996247 410.0 439.0 0.350951258341471
0 0.455199458345305 405.0 450.0 0.177604166666667
0 0.455502791679464 404.0 454.5 0.0

