0 0.0 467.0 270.0 0.333333333333333
0 0.00691741664195433 462.0 269.5 0.333333333333333
0 0.0163285833259579 457.0 268.0 0.333333333333333
0 0.0234636666427832 452.0 267.5 0.444247817993164
0 0.0343187083199155 444.5 268.0 0.634531784057617
0 0.0545817499805707 433.5 271.0 0.715221405029297
0 0.0687977916386444 423.0 276.5 0.745329920450846
0 0.0849133749725297 413.0 286.5 0.637918599446615
0 0.102492166653974 403.5 300.5 0.511119333902995
0 0.118417083314853 394.5 317.5 0.382494354248047
0 0.134888916654745 388.5 334.0 0.316041437784831
0 0.150106416665949 386.5 346.5 0.259259796142578
0 0.168102708325023 390.5 365.5 0.46721674601237
0 0.185061333322665 399.5 381.5 0.483534622192383
0 0.201583458314417 412.0 396.0 0.472712198893229
0 0.218284999980824 426.0 407.5 0.504386901855469
0 0.235138791642385 442.5 413.5 0.498238754272461
0 0.255698333319742 463.0 409.0 0.571258036295573
0 0.271919999999227 473.5 401.5 0.549878565470378
0 0.284699374984484 483.5 392.5 0.567975997924805
0 0.301640458317706 493.0 377.5 0.637659327189128
0 0.318564124987461 495.0 365.5 0.794633992513021
0 0.334847666643327 492.5 355.5 0.978300476074219
0 0.351728958310559 483.5 348.0 0.998447926839193
0 0.368370083306218 470.0 344.0 1.00409342447917
0 0.384888624976156 452.0 346.0 1.06776746114095
0 0.402408791647758 435.0 352.5 0.761108525594075
0 0.418276791664539 422.0 360.5 0.418940734863281
0 0.433397749991855 416.0 366.0 0.200838470458984
0 0.440178833319806 414.0 368.5 0.0879192352294922
0 0.441009374975692 412.5 370.5 0.0

