0 0.0 467.5 238.5 0.333333333333333
0 0.0173162916617002 466.0 238.0 0.333333333333333
0 0.0253780833445489 455.5 234.0 0.578125
0 0.0282857083366252 454.5 234.0 0.611458333333333
0 0.0575726249953732 444.0 237.0 0.683343251546224
0 0.0585508333460893 441.5 238.0 0.673885726928711
0 0.0705954166769516 433.5 244.0 0.604510116577148
0 0.08761700001196 423.0 254.0 0.543435414632161
0 0.104042624996509 410.5 268.0 0.53580436706543
0 0.120737791672582 396.5 286.5 0.538087209065755
0 0.137392250006087 385.0 306.5 0.575451024373372
0 0.155065958329942 379.5 324.0 0.639060338338216
0 0.175032333325362 381.5 350.0 0.780219014485677
0 0.189910416665953 384.5 361.0 0.836163584391276
0 0.201447625004221 394.0 380.5 0.920243581136068
0 0.220663999993121 410.0 396.5 0.646977361043294
0 0.23734137500287 426.5 402.5 0.513440577189128
0 0.25453604166978 445.0 401.5 0.419351450602214
0 0.270599958341336 463.0 393.0 0.327956390380859
0 0.291511541669024 481.5 376.0 0.272778701782227
0 0.304226541658863 488.5 364.0 0.264282735188802
0 0.320602499996312 492.5 348.5 0.619458389282227
0 0.337630666675977 489.5 338.0 0.851514307657878
0 0.351465041661868 481.0 332.5 0.949487177530924
0 0.371780458342982 466.5 330.5 0.985961786905925
0 0.38740191666875 441.0 340.5 0.665278116861979
0 0.404226500017103 418.0 357.0 0.396287536621094
0 0.421104125009151 399.0 376.0 0.128680419921875
0 0.432081916660536 392.5 384.5 0.00781237284342448
0 0.432376041659154 390.0 388.0 0.0

