0 0.0 462.5 270.0 0.333333333333333
0 0.0266409583564382 456.0 265.0 0.371223958333333
0 0.0342974166851491 455.0 264.5 0.451497395833333
0 0.0463114583399147 448.5 263.5 0.583730824788411
0 0.0516506666899659 447.0 263.5 0.575857925415039
0 0.0809799583512358 434.5 268.5 0.679264322916667
0 0.0881193750246894 429.0 272.0 0.593342081705729
0 0.105419500003336 414.0 284.5 0.492764409383138
0 0.121839750005165 400.0 299.5 0.427405293782552
0 0.138060625002254 389.5 312.0 0.413353983561198
0 0.154845375014702 378.5 329.5 0.481634521484375
0 0.169902833353262 373.5 342.5 0.512240600585937
0 0.188105250010267 372.0 364.0 0.732652409871419
0 0.205023166665342 375.5 380.5 0.697833887736003
0 0.221413500024937 384.0 395.0 0.557447179158529
0 0.238052666682051 396.0 406.5 0.536416753133138
0 0.255333041684935 411.0 413.5 0.415596389770508
0 0.275327625015052 433.0 416.5 0.463568878173828
0 0.289988458331209 442.5 415.5 0.5036376953125
0 0.302275083347922 458.0 410.0 0.512847646077474
0 0.321455375000369 472.0 398.0 0.472832234700521
0 0.338111666671466 478.5 386.5 0.554987589518229
0 0.354764083342161 480.5 373.5 0.674534606933594
0 0.371774416678818 476.5 365.5 0.893238957722982
0 0.38972500001546 467.5 361.0 0.982354736328125
0 0.404859833332011 452.5 361.0 1.04461441040039
0 0.421533916669432 433.0 369.5 0.866356150309245
0 0.437778208346572 417.5 380.5 0.623981730143229
0 0.451195875008125 403.5 393.5 0.362505722045898
0 0.474636166676646 396.0 404.5 0.1421875
0 0.475385166675551 394.5 407.0 0.0

