0 0.0 488.0 257.0 0.333333333333333
0 0.0251154583529569 486.0 256.5 0.333333333333333
0 0.03503941668896 467.5 254.0 0.612906138102214
0 0.0358765000128187 465.0 255.0 0.595334243774414
0 0.0464117500232533 462.5 256.0 0.582676823933919
0 0.058078458358068 451.0 263.0 0.495703506469727
0 0.0774281666672323 434.5 280.5 0.460216522216797
0 0.0939928750158288 420.0 300.5 0.366197077433268
0 0.110332791693509 410.5 320.0 0.381384404500326
0 0.127852583333151 406.0 340.0 0.524592717488607
0 0.143790458358126 407.5 361.0 0.554756800333659
0 0.160358208348043 416.5 379.0 0.643809509277344
0 0.178534625010798 431.5 396.5 0.508860397338867
0 0.193055666692089 446.5 407.0 0.439554595947266
0 0.210377041687025 472.0 414.5 0.37507692972819
0 0.223779750027461 488.5 410.5 0.331778844197591
0 0.243693666678155 512.5 388.5 0.0316996256510417
0 0.261593916686252 526.0 365.0 0.0540711720784505
0 0.278275083343033 533.0 346.0 0.254617309570312
0 0.294053250021534 531.0 336.5 0.54669075012207
0 0.311272000020836 518.5 332.0 0.707976531982422
0 0.327167125011329 498.5 331.5 0.789579137166341
0 0.342320250027115 479.0 338.5 0.728754297892253
0 0.360381250007777 448.0 360.5 0.600521977742513
0 0.374477625009604 433.0 376.0 0.558884811401367
0 0.393755500001134 421.5 391.5 0.526767730712891
0 0.410326000011992 422.0 396.5 0.304699071248372
0 0.410666333336849 424.0 398.0 0.0

