0 0.0 483.5 250.0 0.333333333333333
0 0.00682529166806489 482.0 248.5 0.333333333333333
0 0.00730158333317377 479.5 246.0 0.333333333333333
0 0.0113390416663606 474.5 242.5 0.3
0 0.0168352500186302 472.5 241.5 0.266666666666667
0 0.0274998749955557 468.0 240.0 0.277600987752279
0 0.0431763333326671 460.5 239.5 0.397337595621745
0 0.0601377499988303 452.5 243.0 0.473080062866211
0 0.0765070416673552 443.0 251.5 0.484417597452799
0 0.0939544583379757 432.0 265.0 0.496084467569987
0 0.109792416682467 423.0 278.5 0.480812454223633
0 0.124485375010408 412.0 298.0 0.447994232177734
0 0.140215749997878 404.0 319.5 0.49405632019043
0 0.160344000003533 400.5 346.0 0.679191335042318
0 0.176907916669734 403.5 366.0 0.816952006022135
0 0.193840874999296 413.0 379.0 0.682543055216471
0 0.210549625015119 428.5 389.0 0.57967414855957
0 0.227216625004075 446.5 394.0 0.480876922607422
0 0.24391095835017 464.5 394.5 0.38859011332194
0 0.259780916676391 477.0 390.5 0.348405965169271
0 0.275248166668462 489.0 380.0 0.341509628295898
0 0.290421000012429 498.0 364.5 0.39447758992513
0 0.311563416675199 504.0 344.0 0.663009516398112
0 0.32794495834969 502.0 332.5 0.883034388224284
0 0.342620041687042 492.0 326.0 0.975576146443685
0 0.359259833348915 475.0 325.0 0.954327265421549
0 0.376622625015443 454.0 336.0 0.794841003417969
0 0.395674166677054 437.0 350.0 0.578677241007487
0 0.409970708336914 429.5 358.5 0.468967692057292
0 0.422353458328871 425.5 368.0 0.254944737752279
0 0.422703958349302 424.5 371.0 0.0

