0 0.0 487.5 235.0 0.333333333333333
0 0.000428833358455449 485.0 235.0 0.333333333333333
0 0.0084598750108853 480.5 235.0 0.333333333333333
0 0.0279392083466519 467.0 239.5 0.39921875
0 0.0326632916694507 463.5 242.0 0.415494791666667
0 0.049799875007011 444.5 256.0 0.588174311319987
0 0.0662525000225287 426.5 274.5 0.576830546061198
0 0.0828042916837148 411.5 294.5 0.817160161336263
0 0.0980969166848809 404.0 309.0 0.911673482259115
0 0.116681791667361 401.0 327.5 0.782394536336263
0 0.133681958337547 406.0 343.5 0.750257237752279
0 0.149858500022674 417.0 360.0 0.7372496287028
0 0.166511750023346 432.0 373.5 0.482608922322591
0 0.183295333350543 448.5 382.0 0.336380259195964
0 0.199874916666886 466.0 383.5 0.331292978922526
0 0.2204930416774 486.5 369.5 0.37567392985026
0 0.233102083351696 493.0 361.0 0.402940495808919
0 0.247937041684054 501.0 343.5 0.511144129435221
0 0.266648541670293 504.0 323.0 0.861885706583659
0 0.283192208356922 499.5 312.0 1.09429690043132
0 0.301782208349323 488.5 304.0 1.09327430725098
0 0.316600000020117 472.0 302.5 1.04487330118815
0 0.333269125025254 453.0 312.5 0.789267857869466
0 0.349855541688157 434.5 330.0 0.493040339152018
0 0.366808750026394 425.0 345.0 0.400716654459635
0 0.387476291682106 423.0 358.0 0.189750417073568
0 0.388364291691687 423.5 361.0 0.0

