.VERSION 1.0 0
.HIERARCHY CHARACTER
.COORD X Y T
.SEGMENT CHARACTER
.X_POINTS_PER_INCH 2500
.Y_POINTS_PER_INCH 2500
.POINTS_PER_SECOND 1200

.WRITER_ID 5
.AGE 29
.SEX MALE
.HAND RIGHT
.SKILL GOOD
.STYLE NORMAL
.COUNTRY  

.WRITER_INFO
 WriterName:PANDRY
 WriterTrailNo:0
 WriterProfession:SOFTWARE

 WritingSetup:TABLETPC

 WritingFrequency:Rarely
 WritingInProfession:No
 WritingFile:dcpath
.PEN_DOWN
3814 182 17184
3816 181 0
3814 181 0
3814 180 0
3814 179 0
3814 177 0
3814 177 0
3812 177 0
3810 175 0
3806 175 0
3805 173 0
3800 173 0
3796 175 0
3789 176 0
3787 176 0
3778 179 0
3772 179 0
3763 181 0
3756 184 0
3748 186 0
3740 189 0
3730 193 0
3720 198 0
3708 203 0
3698 209 0
3686 218 0
3675 227 0
3662 235 0
3651 244 0
3639 254 0
3628 265 0
3615 275 0
3605 286 0
3594 298 0
3586 310 0
3575 324 0
3566 338 0
3557 355 0
3550 370 0
3543 386 0
3540 417 0
3536 448 0
3534 481 0
3535 515 0
3535 547 0
3538 578 0
3539 608 0
3545 635 0
3549 663 0
3552 691 0
3556 719 0
3558 744 0
3562 769 0
3564 795 0
3568 820 0
3569 846 0
3572 872 0
3572 898 0
3573 925 0
3578 953 0
3586 978 0
3595 1005 0
3605 1032 0
3617 1061 0
3628 1087 0
3643 1111 0
3657 1134 0
3670 1155 0
3680 1175 0
3693 1191 0
3707 1205 0
3721 1218 0
3737 1227 0
3754 1237 0
3772 1245 0
3791 1252 0
3810 1257 0
3829 1265 0
3848 1270 0
3868 1275 0
3889 1282 0
3913 1283 0
3937 1283 0
3965 1283 0
3990 1282 0
4020 1279 0
4046 1273 0
4074 1266 0
4102 1260 0
4128 1252 0
4156 1243 0
4180 1235 0
4204 1226 0
4226 1218 0
4247 1206 0
4268 1194 0
4287 1181 0
4305 1168 0
4320 1152 0
4335 1135 0
4346 1115 0
4358 1093 0
4367 1071 0
4374 1046 0
4380 1022 0
4383 996 0
4387 971 0
4388 948 0
4388 923 0
4388 900 0
4388 876 0
4388 854 0
4390 830 0
4390 807 0
4390 783 0
4390 758 0
4390 733 0
4387 708 0
4383 682 0
4378 661 0
4372 638 0
4364 611 0
4364 611 0
4359 598 0
4354 585 0
4348 571 0
4340 557 0
4332 543 0
4322 527 0
4313 510 0
4303 494 0
4292 477 0
4280 460 0
4266 443 0
4252 426 0
4240 407 0
4226 389 0
4209 374 0
4191 357 0
4174 341 0
4154 324 0
4135 309 0
4114 295 0
4092 281 0
4072 268 0
4050 256 0
4030 245 0
4008 236 0
3988 227 0
3968 219 0
3947 212 0
3924 208 0
3905 204 0
3886 200 0
3868 198 0
3851 195 0
3834 194 0
3819 194 0
3803 195 0
3791 198 0
3778 198 0
3765 200 0
3754 203 0
3742 205 0
3731 208 0
3720 209 0
3709 216 0
3698 218 0
3686 222 0
3674 227 0
3662 232 0
3652 236 0
3637 244 0
3620 250 0
3601 255 0
3583 260 0
3583 260 0
3583 260 0
3583 260 0
3583 260 0
3583 260 0
3583 260 0
3583 260 18386
.PEN_UP
