0 0.0 406.5 246.0 0.333333333333333
0 0.0192598749999888 405.0 246.0 0.333333333333333
0 0.0335212500067428 396.0 247.5 0.484395980834961
0 0.0430225833551958 395.0 248.0 0.58197021484375
0 0.0550861250085291 395.0 248.0 0.608042780558268
0 0.0818424166645855 397.5 249.5 0.572719955444336
0 0.0895191666786559 400.5 250.5 0.540162404378255
0 0.105311999999685 410.5 253.0 0.527824529012044
0 0.11914808335132 420.0 254.0 0.49284299214681
0 0.138414791668765 439.0 254.5 0.405816268920898
0 0.154992333351402 456.5 253.0 0.402566909790039
0 0.176633666676935 472.0 252.0 0.371575673421224
0 0.188351749995491 487.5 251.0 0.370604960123698
0 0.205622500012396 503.5 248.5 0.403038787841797
0 0.221607166662579 515.5 246.0 0.525382232666016
0 0.23781233333284 522.0 244.5 0.554558181762695
0 0.255405791685916 528.5 244.0 0.552085113525391
0 0.26847754168557 529.5 244.0 0.547650146484375
0 0.288409750006394 530.0 244.0 0.474473190307617
0 0.305032041680533 529.0 246.5 0.569189453125
0 0.321751541661797 525.5 251.0 0.642856089274089
0 0.338708750001388 520.5 259.5 0.716285959879557
0 0.356711541680852 514.0 274.5 0.72769152323405
0 0.375212791666854 506.0 295.0 0.723434702555339
0 0.389521458331728 498.0 314.0 0.643165842692057
0 0.405163874995196 481.0 348.5 0.599054845174154
0 0.419254166685278 471.0 371.0 0.488317616780599
0 0.429469708353281 464.5 385.5 0.18812001546224
0 0.429747000016505 461.0 393.0 0.0

