0 0.0 373.0 313.5 0.333333333333333
0 0.0181027916551102 373.5 313.0 0.333333333333333
0 0.0229309583373833 378.0 309.0 0.421656926472982
0 0.0253683749760967 379.5 309.0 0.402277119954427
0 0.0315357499930542 381.0 308.5 0.405608113606771
0 0.0345889583113603 383.0 308.0 0.359338633219401
0 0.0486870416498277 392.0 306.0 0.33564821879069
0 0.063059958309168 407.0 302.0 0.325083414713542
0 0.0784637916658539 419.5 299.0 0.315965398152669
0 0.093864249996841 436.5 296.0 0.210272216796875
0 0.113670666643884 455.0 294.5 0.0941800435384115
0 0.130118666653289 467.5 294.0 0.0555856068929036
0 0.147234249976464 478.0 293.5 0.0372358957926432
0 0.163493708329042 485.0 293.0 0.0793477376302083
0 0.180167708313093 488.5 293.0 0.138553873697917
0 0.197305249981582 489.5 293.0 0.154908625284831
0 0.217541999998502 489.0 295.5 0.25386479695638
0 0.229653458314715 487.5 297.0 0.268659845987956
0 0.244249749986921 484.5 301.0 0.341650390625
0 0.263442208321067 478.5 311.0 0.317234039306641
0 0.280493916652631 473.5 324.0 0.317413075764974
0 0.296845041651977 466.0 346.0 0.364545694986979
0 0.314593458315358 457.0 376.5 0.351821009318034
0 0.330129708308959 447.5 407.5 0.280116144816081
0 0.347400333324913 440.5 438.5 0.155757649739583
0 0.358236250001937 439.0 451.0 0.0299859364827474
0 0.358567416667938 438.0 457.5 0.0

