0 0.0 393.5 299.5 0.333333333333333
0 0.00240462500369176 394.0 296.5 0.339583333333333
0 0.0168033333320636 398.0 293.5 0.308333333333333
0 0.0234272083325777 401.0 292.0 0.2875
0 0.0274513750046026 403.0 291.5 0.355456415812174
0 0.030401833326323 405.0 291.0 0.375743611653646
0 0.0409898333309684 410.0 290.0 0.361803563435872
0 0.0618267083191313 425.5 286.0 0.428451792399089
0 0.0768950000056066 441.0 282.5 0.366106414794922
0 0.0940292083250824 457.0 279.0 0.339196650187174
0 0.110815833322704 472.5 276.0 0.241889063517253
0 0.127318541664863 487.5 274.0 0.179176457722982
0 0.144421833334491 500.0 272.0 0.168855539957682
0 0.160708583338419 508.5 270.5 0.195244471232096
0 0.177842250006506 512.0 270.0 0.178868611653646
0 0.192660250002518 513.5 269.5 0.368888727823893
0 0.210757916676812 513.5 269.5 0.452156321207682
0 0.226080499996897 513.0 269.5 0.56031748453776
0 0.244064208323834 508.5 273.0 0.503830718994141
0 0.260667083319277 503.0 280.0 0.46885617574056
0 0.277409541653469 496.0 293.0 0.434413401285807
0 0.294245666678762 487.5 312.0 0.428107452392578
0 0.312122458330123 477.0 335.0 0.400391896565755
0 0.330184916674625 465.0 360.0 0.388439687093099
0 0.34489095833851 457.0 377.5 0.381374231974284
0 0.357097416679608 445.5 402.0 0.287549591064453
0 0.368437041674042 440.5 413.5 0.130521774291992
0 0.368727499997476 438.0 420.5 0.0

