0 0.0 417.0 325.5 0.333333333333333
0 0.020711166667752 418.0 325.0 0.333333333333333
0 0.0323408333351836 433.0 317.0 0.347571563720703
0 0.0412295416463166 442.0 314.5 0.385352834065755
0 0.0493307083088439 448.5 312.5 0.408602905273438
0 0.0683599999756552 462.0 310.0 0.348678080240885
0 0.0819923749950249 477.0 307.5 0.270500564575195
0 0.0979340833146125 489.5 306.0 0.269088745117188
0 0.117986083321739 507.5 303.5 0.210139083862305
0 0.131150666653411 517.5 302.0 0.181517155965169
0 0.147896541660884 531.0 299.5 0.186602147420247
0 0.164812749979319 540.0 298.5 0.227326838175456
0 0.181114708335372 545.5 298.0 0.240375900268555
0 0.197778083325829 547.5 298.0 0.252924092610677
0 0.218545333307702 547.5 299.5 0.23193842569987
0 0.232143166649621 545.5 302.0 0.233171208699544
0 0.247290499974042 540.5 307.5 0.272422663370768
0 0.267703374993289 529.5 323.0 0.291500854492187
0 0.280896249983925 520.5 338.0 0.307826868693034
0 0.29791424999712 507.5 365.0 0.40738042195638
0 0.314465916657355 498.5 389.0 0.487832768758138
0 0.331418874993687 490.0 411.5 0.381038029988607
0 0.347773499990581 480.5 439.0 0.125673166910807
0 0.353046333329985 477.5 446.5 0.0

