0 0.0 396.0 326.0 0.333333333333333
0 0.0164710416574962 395.5 324.5 0.333333333333333
0 0.0169933750003111 394.5 322.5 0.333333333333333
0 0.0237594166537747 393.5 318.5 1.13711331685384
0 0.0358486666518729 396.0 318.0 0.932325871785482
0 0.0581056250084657 407.0 317.5 0.65757802327474
0 0.0696999583451543 413.0 317.0 0.61830317179362
0 0.0864939583407249 430.0 315.5 0.463608169555664
0 0.101273958338425 441.0 314.5 0.31965446472168
0 0.119889541674638 458.5 312.0 0.30897954305013
0 0.138353166665183 471.5 311.0 0.219651794433594
0 0.153368625004077 482.5 310.0 0.282476806640625
0 0.169818333321018 491.5 309.5 0.337357838948568
0 0.186458208336262 497.5 309.0 0.45561892191569
0 0.203542416653363 501.0 309.0 0.540564982096354
0 0.219831416674424 502.0 309.0 0.584059651692708
0 0.239410125010181 502.0 309.0 0.64913330078125
0 0.250695041671861 502.0 309.0 0.692146809895833
0 0.269887125003152 498.0 315.0 0.603696568806966
0 0.286547875002725 493.0 324.5 0.599530156453451
0 0.303430625004694 485.0 340.0 0.60943234761556
0 0.319767999986652 473.5 362.5 0.645463053385417
0 0.340825791674433 455.0 398.0 0.690409469604492
0 0.353326708340319 444.5 420.0 0.707443364461263
0 0.369515166676138 437.0 439.0 0.714999008178711
0 0.388066416664515 430.5 460.5 0.52411257425944
0 0.398180833319202 430.0 467.5 0.508743540445964
0 0.39841141665238 430.0 470.5 0.0

