0 0.0 411.5 278.0 0.333333333333333
0 0.00851466666790657 410.0 278.0 0.333333333333333
0 0.0211692500161007 408.5 276.5 0.23125
0 0.0267187083372846 408.0 276.5 0.402341588338216
0 0.0441239583306015 407.5 275.5 0.639050038655599
0 0.060658833332127 408.0 275.5 0.510828653971354
0 0.0771938333346043 412.5 275.5 0.48140983581543
0 0.0938229583553039 421.5 275.0 0.487422688802083
0 0.110847500007367 434.0 274.0 0.383563868204753
0 0.127073375013424 444.5 274.0 0.313771820068359
0 0.144753416680032 458.0 273.0 0.268371327718099
0 0.160604541684734 475.0 270.5 0.254600016276042
0 0.17719379166374 488.0 268.0 0.293035252888997
0 0.194448833353817 500.5 265.0 0.312564595540365
0 0.211083875008626 510.0 263.0 0.320333989461263
0 0.227299458347261 516.0 262.0 0.322990417480469
0 0.247079875000054 518.5 262.5 0.322727203369141
0 0.260893041675445 519.0 264.5 0.324978510538737
0 0.277396916673752 518.5 267.0 0.344360224405924
0 0.291938875016058 515.0 273.0 0.357139078776042
0 0.311496500013163 508.5 286.0 0.367230733235677
0 0.327365208329866 502.0 300.0 0.376334508260091
0 0.343966000014916 493.0 321.0 0.458925501505534
0 0.361624666664284 482.5 345.0 0.463857014973958
0 0.377510291669751 472.5 365.5 0.457396825154622
0 0.394070875016041 464.5 384.0 0.414012908935547
0 0.411100958357565 456.5 406.0 0.26610844930013
0 0.421970499999588 453.5 418.5 0.143938446044922
0 0.422263083339203 451.5 425.0 0.0

