0 0.0 395.5 377.5 0.333333333333333
0 0.0230412499804515 396.0 377.5 0.333333333333333
0 0.0318786249845289 403.0 370.0 0.45625
0 0.0431631666433532 411.0 369.0 0.508329137166341
0 0.0467579166579526 413.0 368.5 0.541662470499675
0 0.0659826249757316 427.0 368.5 0.524231847127279
0 0.0795799166662619 436.5 368.0 0.590406926472982
0 0.0988368749967776 450.5 367.0 0.355133692423503
0 0.109968583332375 461.0 366.5 0.300642267862956
0 0.128599333314924 477.5 366.5 0.303024546305339
0 0.145610333333025 489.5 367.5 0.331756846110026
0 0.162069583311677 501.5 369.0 0.333932495117187
0 0.179577541653998 511.0 370.0 0.345542271931966
0 0.19938091665972 517.5 370.5 0.352168528238932
0 0.211896083317697 521.5 370.5 0.352783330281576
0 0.228850374987815 523.0 370.5 0.344736353556315
0 0.245357749983668 523.0 370.5 0.323611704508464
0 0.25988383332151 523.0 371.0 0.300332641601562
0 0.278286291664699 520.5 374.0 0.33224728902181
0 0.2953593749844 516.5 379.5 0.385889943440755
0 0.312381791649386 512.5 385.5 0.402339172363281
0 0.328557416651165 508.5 396.0 0.447848765055339
0 0.345453749992885 504.0 411.0 0.51011110941569
0 0.36187983333366 497.5 430.0 0.515214411417643
0 0.382708958321018 482.5 459.5 0.406008656819661
0 0.398308708332479 477.0 472.0 0.328450012207031
0 0.409848583309213 468.5 495.5 0.214030456542969
0 0.415631749987369 467.0 500.0 0.0

