0 0.0 396.0 301.0 0.333333333333333
0 0.0078194166708272 396.0 300.0 0.333333333333333
0 0.0159558750165161 396.0 299.5 0.372133255004883
0 0.026610166678438 396.5 299.5 0.344266637166341
0 0.034933708346216 398.5 299.0 0.407310485839844
0 0.0521284166898113 407.5 297.0 0.543209330240885
0 0.068912166665541 420.0 296.5 0.529836654663086
0 0.0852865416673012 434.5 296.5 0.429162470499674
0 0.102320791687816 450.0 296.0 0.336087163289388
0 0.118436291668331 467.0 292.5 0.262213516235352
0 0.135261041665217 483.5 288.5 0.189434560139974
0 0.151762791676447 494.0 286.0 0.13149299621582
0 0.168590750021394 508.5 283.5 0.285173924763997
0 0.185361541662132 515.5 282.5 0.381414540608724
0 0.201934458338656 519.0 282.0 0.435377502441406
0 0.218606000009459 520.5 282.0 0.452668126424154
0 0.236573500005761 521.0 282.0 0.49474728902181
0 0.253269583336078 521.0 283.0 0.502078628540039
0 0.272168249997776 518.0 289.0 0.532485961914062
0 0.287654041661881 512.0 300.5 0.560264333089193
0 0.30190562500502 505.5 312.0 0.582979838053385
0 0.325934458349366 487.0 340.0 0.506570943196615
0 0.335833583347267 475.0 357.5 0.479900232950846
0 0.351987083355198 457.5 385.5 0.389757919311523
0 0.368641208333429 439.5 418.5 0.239346822102865
0 0.385290166683262 430.0 444.5 0.17312494913737
0 0.393248708336614 429.5 448.0 0.0749799092610677
0 0.393609333346831 429.5 450.5 0.0

