0 0.0 378.5 284.5 0.333333333333333
0 0.00823966666939668 378.5 283.5 0.333333333333333
0 0.0167878750071395 378.5 283.0 0.240364583333333
0 0.0361273750022519 382.0 281.5 0.6115234375
0 0.0520680833142251 391.5 278.5 0.620251846313477
0 0.06650520832045 401.0 276.5 0.621251805623372
0 0.0852679583185818 418.5 275.5 0.450889333089193
0 0.0985789583355654 430.0 275.0 0.370958073933919
0 0.119411333318567 448.5 275.0 0.251025009155273
0 0.133139749988914 460.0 273.0 0.227765655517578
0 0.152218874980463 477.5 268.5 0.32588144938151
0 0.168514291668544 488.5 265.5 0.402430216471354
0 0.186571416648803 497.5 263.0 0.459188334147135
0 0.202477124985307 503.5 262.0 0.451461029052734
0 0.216503041650867 506.0 261.5 0.479797108968099
0 0.231971916655311 507.0 261.5 0.516538111368815
0 0.251873708330095 507.0 261.5 0.590048090616862
0 0.26851329166675 506.0 261.0 0.631872685750326
0 0.286099166667555 502.5 263.0 0.56475461324056
0 0.302182791667292 497.5 270.5 0.468330891927083
0 0.318841916654492 490.5 282.5 0.446116383870443
0 0.335617333330447 480.5 300.5 0.383318328857422
0 0.352107083337614 465.0 325.5 0.480566024780273
0 0.368106333335163 454.0 345.5 0.485954666137695
0 0.382021666649962 439.5 374.5 0.417851003011068
0 0.399023624981055 430.0 403.0 0.274485143025716
0 0.418574374984019 427.0 429.0 0.0700078328450521
0 0.418911333341384 426.5 434.0 0.0

