0 0.0 395.5 310.0 0.333333333333333
0 0.00786841666558757 395.0 310.0 0.333333333333333
0 0.00828624999849126 394.0 309.5 0.333333333333333
0 0.0174326249980368 391.5 308.0 0.506579081217448
0 0.0215071249986067 391.5 308.0 0.572400029500326
0 0.0362611666787416 393.0 307.5 0.487572860717773
0 0.0503966666583437 399.5 305.5 0.356335576375326
0 0.0667075833480339 411.5 303.5 0.285542170206706
0 0.0815669583389536 421.5 302.0 0.257592646280924
0 0.0973149583442137 439.0 300.0 0.171443557739258
0 0.116632416669745 460.0 297.5 0.145187377929688
0 0.133201958320569 476.5 295.5 0.114031473795573
0 0.150178958341712 489.5 294.0 0.103313827514648
0 0.166604958329117 500.5 293.0 0.123075103759766
0 0.183566624997184 508.0 292.5 0.136636734008789
0 0.200006041675806 512.0 292.5 0.14753672281901
0 0.216564916656353 514.5 292.5 0.122444788614909
0 0.231515166669851 515.5 293.5 0.119112777709961
0 0.246613583323779 516.0 295.0 0.0941093444824219
0 0.26666595833376 511.0 301.0 0.190037027994792
0 0.283184666681336 503.5 310.5 0.207548268636068
0 0.302966458344599 491.5 325.0 0.23306884765625
0 0.317199000011897 475.0 348.0 0.320357767740885
0 0.333219583320897 457.0 375.0 0.312582270304362
0 0.35019349999493 442.5 399.0 0.341893895467122
0 0.366613291669637 432.0 417.0 0.354507064819336
0 0.381594458332984 426.5 427.5 0.369112269083659
0 0.398646541667404 422.0 437.0 0.151487604777018
0 0.4027093333425 420.5 440.5 0.0

