0 0.0 476.0 278.0 0.333333333333333
0 0.0140801666711923 474.5 275.5 0.311458333333333
0 0.0147532083210535 474.0 274.0 0.289583333333333
0 0.0247426249843556 472.0 272.5 0.289583333333333
0 0.0439410000108182 466.5 268.5 0.416271845499674
0 0.0604586666740943 461.0 264.5 0.488137817382812
0 0.0771481666597538 453.5 262.0 0.545786539713542
0 0.094820083322702 443.0 261.5 0.597283808390299
0 0.110931791656185 432.0 266.0 0.63177375793457
0 0.127626500005135 421.0 274.0 0.596627426147461
0 0.143819958320819 414.5 281.5 0.523661804199219
0 0.160517791664461 413.0 287.5 0.51911252339681
0 0.176636083342601 415.0 294.0 0.504597727457682
0 0.194242583325831 424.5 312.0 0.468349202473958
0 0.210462208342506 435.5 330.0 0.483692932128906
0 0.230960708344355 447.0 349.0 0.528392918904622
0 0.243673874996603 457.0 365.5 0.491630427042643
0 0.260545666649705 463.5 379.5 0.496038818359375
0 0.278009458328597 466.0 392.5 0.464562479654948
0 0.293905583326705 465.0 403.0 0.561341094970703
0 0.310567541659111 460.5 408.0 0.620251973470052
0 0.326678083336446 454.0 409.0 0.643948109944661
0 0.343821666669101 441.0 406.5 0.934080759684245
0 0.360782875010045 433.0 400.0 0.914605967203776
0 0.377144708327251 429.0 390.0 0.781072489420573
0 0.395030999992741 429.0 379.5 0.635544077555339
0 0.410537749994546 434.0 364.5 0.517106755574544
0 0.427868291677441 442.0 345.5 0.333398183186849
0 0.444173208321445 452.0 325.0 0.386036809285482
0 0.460484458337305 460.5 306.5 0.356760915120443
0 0.476811791653745 467.0 294.5 0.313232421875
0 0.494099791656481 476.0 279.5 0.494249471028646
0 0.510528541664826 480.0 273.0 0.421025721232096
0 0.529337916668737 480.5 272.0 0.264744186401367
0 0.531368916650536 480.0 272.0 0.0

