0 0.0 484.0 264.5 0.333333333333333
0 0.00633683332125656 481.0 263.0 0.333333333333333
0 0.0115054166526534 473.5 259.5 0.333333333333333
0 0.0248911249800585 465.0 257.5 0.342447916666667
0 0.0285054999985732 462.0 257.0 0.326041666666667
0 0.0399474583100528 453.0 255.5 0.554063924153646
0 0.0550983333087061 440.0 255.0 0.688507461547852
0 0.0721900833304971 429.0 257.5 0.594057973225911
0 0.0889201249810867 422.0 262.0 0.605460103352865
0 0.104840749991126 420.5 270.0 0.453890101114909
0 0.11976691664313 423.5 280.0 0.369273376464844
0 0.13829208331299 438.0 307.0 0.385964075724284
0 0.153121124982135 449.5 327.5 0.434995778401693
0 0.175503333332017 470.5 364.0 0.372548675537109
0 0.1917410416645 479.0 378.5 0.406144714355469
0 0.204850499983877 487.0 393.5 0.380144627888997
0 0.221554166666465 490.0 402.0 0.367484664916992
0 0.238463416666491 487.5 405.5 0.489009475708008
0 0.255034874979174 479.5 408.0 0.507581329345703
0 0.274416374973953 467.0 408.5 0.817554982503255
0 0.284599874983542 453.0 404.0 1.0951535542806
0 0.30491108330898 440.5 393.5 1.03132108052572
0 0.322113166650524 437.0 384.0 0.975362269083659
0 0.339249208307592 437.5 370.0 0.8510986328125
0 0.355948916665511 443.0 353.0 0.697919209798177
0 0.375817708321847 454.0 331.0 0.674348068237305
0 0.388343291648198 462.0 319.0 0.633313242594401
0 0.40509045831277 471.5 305.5 0.581098302205404
0 0.419723083323333 477.5 295.0 0.61327870686849
0 0.438395708333701 485.0 276.0 0.812880071004232
0 0.455399458325701 487.5 262.0 0.998072179158529
0 0.471686791657703 484.5 255.0 0.933356730143229
0 0.488342874974478 473.0 256.0 0.945140965779622
0 0.496435916662449 468.0 258.5 0.965496699015299
0 0.496908666653326 462.5 262.5 0.0

