0 0.0 488.0 274.0 0.333333333333333
0 0.0210019166697748 485.0 272.0 0.333333333333333
0 0.0369416250032373 457.0 265.0 0.861458333333333
0 0.0379950416681822 453.5 265.0 0.894791666666667
0 0.0458905416890047 440.5 268.0 0.820620346069336
0 0.052783500024816 432.5 272.0 0.724662272135417
0 0.0661617083533201 423.5 277.5 0.571145884195964
0 0.0867347916937433 414.5 286.5 0.547325007120768
0 0.100001250015339 413.0 293.0 0.406199518839518
0 0.11615645835991 414.5 306.0 0.252106348673503
0 0.132527875015512 421.0 322.5 0.202101135253906
0 0.152152666676557 437.5 355.5 0.187364196777344
0 0.162750875024358 450.0 376.0 0.18820063273112
0 0.182659416692331 468.5 405.0 0.364779281616211
0 0.19926504167961 479.0 424.0 0.492780431111654
0 0.215977083338657 481.5 433.5 0.484645080566406
0 0.233050958340755 478.0 436.5 0.640347035725911
0 0.24974700002349 467.5 436.5 0.897736994425456
0 0.267273416684475 454.5 432.0 1.00909830729167
0 0.282052958355052 445.5 426.5 1.13678817749023
0 0.299328375025652 436.0 414.0 1.06741422017415
0 0.313800791685935 435.0 406.0 0.991277440388997
0 0.332796000002418 437.0 393.0 0.690957895914714
0 0.34952058334602 442.0 383.0 0.625253041585286
0 0.368715875025373 448.5 372.0 0.594719314575195
0 0.382660208357265 456.5 357.5 0.594391123453776
0 0.401078875001986 465.5 338.5 0.614743677775065
0 0.416319750016555 472.5 318.5 0.71818478902181
0 0.432579833344789 478.0 297.5 0.901021957397461
0 0.44672675000038 479.5 284.5 0.949480183919271
0 0.463503000006313 479.5 274.0 0.923521550496419
0 0.486504666681867 473.5 269.0 0.631768798828125
0 0.499346374999732 465.5 272.5 0.235514450073242
0 0.507207958347863 464.0 274.5 0.153983434041341
0 0.507548500027042 461.5 278.0 0.0

