0 0.0 472.0 263.5 0.333333333333333
0 0.0103915833460633 468.0 260.0 0.333333333333333
0 0.0197898333426565 463.5 257.0 0.484635416666667
0 0.0250136250106152 459.0 255.0 0.490625
0 0.0309653333388269 454.5 253.5 0.581111907958984
0 0.0776848333480302 429.0 257.0 0.55099843343099
0 0.0854791666788515 427.5 258.5 0.503080876668294
0 0.102539166662609 423.0 271.0 0.308010609944661
0 0.115311083354754 424.0 281.5 0.216608810424805
0 0.138719833339565 434.0 304.5 0.269931157430013
0 0.152398708334658 448.5 330.5 0.335002263387044
0 0.169333958328934 461.5 353.5 0.410746765136719
0 0.185663916665362 473.0 373.5 0.476067606608073
0 0.202856874995632 478.5 387.0 0.523942184448242
0 0.223156083346112 477.5 396.0 0.571192804972331
0 0.235391083348077 473.5 398.0 0.632560221354167
0 0.25266770835151 457.0 399.5 0.811352411905924
0 0.266566625010455 446.5 398.0 0.861255137125651
0 0.288731333333999 433.5 391.0 1.02911860148112
0 0.30235391666065 427.5 381.5 1.07169075012207
0 0.318945625011111 426.5 369.5 1.02177937825521
0 0.335939166659955 430.5 355.5 0.822264353434245
0 0.352891666669166 438.0 344.0 0.653269195556641
0 0.373118083341978 448.0 331.0 0.480713780721029
0 0.387152041686932 452.0 325.0 0.426068496704102
0 0.402327208343195 463.0 307.5 0.363160196940104
0 0.416475083329715 467.5 297.0 0.37461903889974
0 0.43589620833518 473.0 278.5 0.618799463907878
0 0.452627416671021 474.5 267.5 0.636600875854492
0 0.469237750017783 473.5 263.5 0.381621551513672
0 0.476929916680092 472.0 264.0 0.357145690917969
0 0.477279666665709 470.0 265.5 0.0

