0 0.0 501.0 261.5 0.333333333333333
0 0.021093125018524 484.0 254.0 0.423372395833333
0 0.0296430833404884 478.0 253.5 0.375520833333333
0 0.0365092499996535 472.5 252.5 0.308854166666667
0 0.0563497499970254 456.5 251.5 0.526709620157878
0 0.0731014166667592 445.5 254.5 0.493385060628255
0 0.0896680416772142 436.5 261.5 0.385109837849935
0 0.106334416661412 429.0 274.5 0.302621841430664
0 0.12410333333537 427.0 291.0 0.211312484741211
0 0.140474833344342 433.0 310.5 0.216989390055339
0 0.1560720000125 442.5 328.5 0.337578582763672
0 0.173721958330134 462.5 359.5 0.464078648885091
0 0.187414375017397 474.5 376.5 0.500730005900065
0 0.207103124994319 490.0 394.5 0.422487386067708
0 0.223701041686581 496.0 403.5 0.367059834798177
0 0.240132583334344 495.5 408.0 0.391669718424479
0 0.256757583352737 487.5 411.5 0.583873112996419
0 0.274547250010073 474.0 414.5 0.652667236328125
0 0.290615500009153 460.0 415.0 0.832775243123372
0 0.311032666679239 444.0 411.5 0.84850705464681
0 0.324211166676832 440.5 409.0 0.843507639567057
0 0.337501750007505 436.0 402.0 0.813887532552083
0 0.356748166668694 435.0 390.0 0.694042841593424
0 0.374023083335487 440.0 373.5 0.679227193196615
0 0.390103000012459 448.0 355.5 0.69629020690918
0 0.406778250006028 458.0 338.0 0.711308034261068
0 0.423620833345922 467.5 320.5 0.755867513020833
0 0.444768791669048 477.5 299.5 0.825949986775716
0 0.457118125021225 480.5 291.0 0.885248692830404
0 0.47302516666241 485.5 271.5 1.04935976664225
0 0.486357708345167 486.0 260.5 1.12254575093587
0 0.506795541674364 481.5 249.5 0.629451751708984
0 0.518300791678485 476.5 248.5 0.523993937174479
0 0.518603958335007 472.0 250.5 0.0

