0 0.0 477.5 285.5 0.333333333333333
0 0.000410916691180319 475.0 283.5 0.333333333333333
0 0.00104925001505762 469.5 278.0 0.333333333333333
0 0.0141719583480153 458.5 272.0 0.816141637166341
0 0.0214950416702777 453.0 271.0 0.882808303833008
0 0.0247844166879077 450.0 271.0 0.916141637166341
0 0.03852362500038 440.5 272.0 1.02447497049967
0 0.059254083345877 428.0 279.0 0.664484659830729
0 0.0746542916749604 423.0 286.5 0.491681798299154
0 0.09184829168953 421.5 296.5 0.311980565388997
0 0.108413125009974 425.5 314.0 0.279639561971029
0 0.124938208347885 434.0 337.0 0.248201624552409
0 0.141659916669596 445.5 361.5 0.265931828816732
0 0.158997791673755 457.5 384.0 0.311954243977865
0 0.175217583338963 467.5 401.0 0.414826329549154
0 0.191585333348485 473.0 415.0 0.437081146240234
0 0.208619000011822 474.0 421.0 0.460869979858398
0 0.22135758335935 468.5 425.0 0.523470560709635
0 0.241561708331574 453.5 424.0 0.790564600626628
0 0.258552666666219 439.0 417.5 0.878771464029948
0 0.274930166691775 429.5 408.5 0.804488627115885
0 0.291579875018215 426.5 399.0 0.831656138102214
0 0.308508625021204 428.0 387.5 0.776905568440755
0 0.325076416687807 434.0 376.0 0.666508483886719
0 0.343447208346333 441.0 366.5 0.596646118164063
0 0.355918791668955 450.0 352.0 0.454401397705078
0 0.37496287500835 460.5 332.0 0.350363286336263
0 0.391625583346467 469.0 316.0 0.34281260172526
0 0.408290791674517 477.0 304.0 0.440163930257161
0 0.425322041672189 481.5 297.5 0.58808848063151
0 0.446039208356524 483.0 295.0 0.569178771972656
0 0.459055416664341 482.5 295.0 0.430641810099284
0 0.459773666691035 481.0 295.0 0.0

