0 0.0 499.0 292.5 0.333333333333333
0 0.0257091249804944 493.5 285.5 0.46796875
0 0.040097708319081 490.5 283.0 0.565625
0 0.0454731666541193 484.0 280.0 0.688799921671549
0 0.0539189999981318 482.0 279.5 0.706639607747396
0 0.0697213749808725 471.0 277.0 0.65613644917806
0 0.0867730833124369 460.0 276.5 0.67059071858724
0 0.102682124997955 449.5 278.0 0.602406438191732
0 0.120918958331458 433.0 290.5 0.458497365315755
0 0.135912291647401 426.0 302.5 0.428919092814128
0 0.153102458338253 423.0 326.0 0.493143081665039
0 0.169669958326267 428.5 349.0 0.620799382527669
0 0.186312125006225 436.5 375.0 0.620013936360677
0 0.202726874995278 445.5 398.5 0.522865041097005
0 0.220543583331164 454.0 419.5 0.405585606892904
0 0.238620124990121 461.0 436.0 0.389417266845703
0 0.253142791654682 463.5 444.5 0.350835037231445
0 0.267553291661898 464.0 446.5 0.429204432169596
0 0.282852791657206 458.0 448.0 0.692122904459635
0 0.302750833332539 440.5 449.0 0.723765691121419
0 0.319717708334792 425.5 444.0 0.800780614217122
0 0.333180874993559 417.0 439.0 0.868999862670898
0 0.353047874988988 410.5 432.5 0.859046427408854
0 0.369676375004929 410.0 428.0 0.925999577840169
0 0.386834791657748 415.5 417.0 0.906798680623372
0 0.402811666659545 425.5 400.0 0.931110382080078
0 0.420068541658111 435.0 384.0 0.93651860555013
0 0.436470124986954 450.0 361.5 0.897059631347656
0 0.449652249983046 464.0 341.5 0.768864568074544
0 0.469701624999288 477.0 320.0 0.752807362874349
0 0.48608683331986 482.5 305.0 0.760236358642578
0 0.502816458320012 484.0 289.0 0.718072255452474
0 0.520734333316796 483.5 279.5 0.432537968953451
0 0.523989916662686 482.0 276.5 0.0

