0 0.0 477.5 254.0 0.333333333333333
0 0.000409208354540169 475.5 254.0 0.333333333333333
0 0.000949291686993092 474.0 254.0 0.333333333333333
0 0.0206682083371561 463.0 254.5 0.300520833333333
0 0.0298090833530296 456.0 257.5 0.378849919637044
0 0.0358332916803192 454.0 259.0 0.411558024088542
0 0.0716600833402481 443.0 274.5 0.332210032145182
0 0.0807464166719001 444.0 278.5 0.333380126953125
0 0.0954011666763108 448.5 288.0 0.334921900431315
0 0.111050041683484 457.0 307.0 0.323876190185547
0 0.128263291670009 468.5 335.0 0.319469579060872
0 0.144665791682201 475.5 351.0 0.321468353271484
0 0.161385791667271 483.0 368.5 0.288716506958008
0 0.178484625008423 484.5 378.0 0.353413009643555
0 0.19515204167692 480.5 383.0 0.452934265136719
0 0.21152162499493 471.0 386.5 0.542416763305664
0 0.22880516666919 459.5 387.0 0.640986124674479
0 0.24930570833385 446.0 383.5 0.732375335693359
0 0.261534583347384 443.0 381.0 0.77711181640625
0 0.278912875015521 439.5 372.0 0.811393102010091
0 0.294776666676626 440.0 365.0 0.859037907918294
0 0.311593416670803 446.5 352.5 0.580138397216797
0 0.328333375015063 453.5 341.5 0.448141860961914
0 0.344809750007698 462.0 329.5 0.435499827067057
0 0.362078500009375 470.5 315.5 0.438251622517904
0 0.378400541667361 478.0 301.0 0.469152196248372
0 0.399340083327843 484.5 282.5 0.57116444905599
0 0.415397875010967 486.5 270.5 0.604144795735677
0 0.428307124995627 487.0 256.5 0.616587066650391
0 0.445338416669983 484.0 248.0 0.560163243611654
0 0.46166020835517 476.0 246.0 0.185412724812826
0 0.467314666660968 473.0 247.0 0.0

