0 0.0 488.0 272.5 0.333333333333333
0 0.000645208347123116 486.5 270.0 0.333333333333333
0 0.0185437916661613 479.0 260.0 0.411361567179362
0 0.0221614583279006 477.5 258.5 0.456341807047526
0 0.0338915416796226 472.0 255.0 0.54114138285319
0 0.0503759583516512 461.5 251.5 0.551831436157227
0 0.0681405416689813 447.5 250.5 0.547639338175456
0 0.0851290416612756 433.5 253.0 0.577931340535482
0 0.10187300000689 421.5 259.0 0.559346262613932
0 0.118794916663319 415.5 264.0 0.527265040079753
0 0.134429291676497 415.0 269.5 0.532207743326823
0 0.151852916664211 421.0 287.5 0.482415008544922
0 0.165275958337588 429.5 302.0 0.470951334635417
0 0.185211083327886 449.5 325.0 0.483463668823242
0 0.203146166662918 466.5 339.5 0.406236394246419
0 0.21567087501171 478.5 349.0 0.405376688639323
0 0.235201166680781 493.5 362.0 0.381858189900716
0 0.252186666679336 498.5 372.5 0.385081227620443
0 0.268807375017786 496.0 382.5 0.49858512878418
0 0.285447000002023 488.5 389.0 0.659661102294922
0 0.30211304166005 471.0 399.0 0.75880012512207
0 0.315330458339304 462.5 401.0 0.831863276163737
0 0.335609166679205 451.0 397.5 1.02175763448079
0 0.351902958325809 444.5 388.0 0.890210215250651
0 0.368555166671285 442.5 375.0 0.686380132039388
0 0.38610562501708 445.0 358.0 0.496702829996745
0 0.402512291679159 451.5 339.5 0.374332046508789
0 0.418972916668281 461.0 320.0 0.562504959106445
0 0.434418541670311 469.0 306.0 0.641227086385091
0 0.449224916665116 477.5 288.5 0.656905746459961
0 0.469637583330041 485.0 263.5 0.727654902140299
0 0.485450166685041 485.5 249.0 0.679699579874674
0 0.502256208332255 479.5 243.0 0.634253565470378
0 0.519496166671161 469.5 244.5 0.207297897338867
0 0.520052000007126 464.5 246.5 0.0

