0 0.0 453.0 260.5 0.333333333333333
0 0.0247402083477937 453.0 260.0 0.240333557128906
0 0.0335214583319612 453.0 260.0 0.248124059041341
0 0.0434637500147801 452.5 260.0 0.164567693074544
0 0.0536871250078548 452.0 260.0 0.164047368367513
0 0.0707020416739397 451.5 260.0 0.155319976806641
0 0.0912887083541136 451.0 259.0 0.156839243570964
0 0.107186375011224 450.5 259.0 0.163601811726888
0 0.118754458351759 450.5 258.5 0.191591135660807
0 0.137091000011424 450.0 258.5 0.222935994466146
0 0.15411579166539 449.0 259.0 0.246973419189453
0 0.170303749997402 447.5 259.0 0.284669876098633
0 0.187014208349865 446.0 259.0 0.342169062296549
0 0.208323291677516 444.5 259.0 0.397327295939128
0 0.223450125020463 443.0 259.0 0.450790786743164
0 0.237384708336322 441.0 260.5 0.462826919555664
0 0.253776791680139 438.5 261.5 0.476863098144531
0 0.269309041672386 436.5 262.5 0.478996785481771
0 0.288572375022341 433.5 264.0 0.534718577067057
0 0.303710541687906 429.0 267.0 0.606931304931641
0 0.320273583347443 424.5 272.0 0.651957066853841
0 0.341032541677123 420.5 278.0 0.591033299763997
0 0.358061541686766 416.5 284.0 0.558011372884115
0 0.370851958345156 413.0 289.0 0.56024284362793
0 0.387186208332423 412.0 292.0 0.661018625895182
0 0.403589166671736 412.5 294.5 0.656211090087891
0 0.418751291668741 414.5 296.0 0.684199015299479
0 0.437102416675771 419.0 298.5 0.6135498046875
0 0.453972625022288 428.5 304.5 0.511343256632487
0 0.47035216668155 438.0 311.5 0.499363835652669
0 0.490149291668786 447.5 319.0 0.468159484863281
0 0.500568333343836 455.0 324.5 0.463035202026367
0 0.520522166683804 466.5 334.5 0.451682281494141
0 0.537520291662076 475.5 344.5 0.522385660807292
0 0.553608250018442 483.5 356.0 0.644025675455729
0 0.569833041663514 488.5 365.0 0.668842061360677
0 0.583822708344087 493.0 376.5 0.701471837361654
0 0.600512500008335 494.5 383.0 0.625367482503255
0 0.620645666669589 494.0 385.5 0.766393407185872
0 0.637058541673468 488.5 386.0 0.972748184204102
0 0.653666166675976 478.0 385.5 1.07241897583008
0 0.670387166668661 468.5 383.0 1.02216784159342
0 0.69140558334766 457.5 378.0 1.05704549153646
0 0.707216750015505 452.0 374.5 1.03627077738444
0 0.720672291674418 444.5 368.5 1.00922559102376
0 0.734465166664449 439.5 363.0 1.02990353902181
0 0.753788166679442 434.5 355.5 0.801605478922526
0 0.770457375008846 433.5 350.0 0.800656127929688
0 0.787430583353853 433.5 342.5 0.710791142781576
0 0.803908666683128 437.0 332.5 0.657317606608073
0 0.820452000014484 442.0 321.5 0.618423207600911
0 0.837332458351739 447.0 311.5 0.524556350708008
0 0.853639625012875 451.0 303.5 0.541341400146484
0 0.868601916678017 454.0 298.0 0.543054835001628
0 0.890179583337158 457.5 290.5 0.673800786336263
0 0.90168700000504 458.0 286.5 0.754580307006836
0 0.92069058335619 458.0 279.5 0.891503524780273
0 0.937157500011381 456.0 274.5 0.867402648925781
0 0.954149958328344 452.5 270.0 0.668185551961263
0 0.970490583335049 447.5 269.0 0.298983764648438
0 0.979382666671881 446.5 269.5 0.156006876627604
0 0.979867166664917 444.5 270.5 0.0

