0 0.0 477.0 263.5 0.333333333333333
0 0.0267754583328497 470.0 256.5 0.7109375
0 0.030194124992704 469.0 256.0 0.744270833333333
0 0.0341924166714307 468.0 255.0 0.738541666666667
0 0.0435736666549928 465.5 253.5 0.774479166666667
0 0.0637989166716579 458.5 249.5 0.894266637166341
0 0.0786035416531377 450.5 247.5 0.812583796183268
0 0.0955634166602977 439.5 249.0 0.630763371785482
0 0.112320124986582 425.5 256.0 0.509059270222982
0 0.129024041671073 410.0 268.5 0.389459609985352
0 0.14569616666995 399.5 281.0 0.381165440877279
0 0.162422833323944 396.0 290.0 0.454425557454427
0 0.179408416675869 401.0 298.0 0.431907145182292
0 0.195617791672703 410.5 306.5 0.445677057902018
0 0.214159249997465 429.0 325.0 0.47069574991862
0 0.225685333338333 440.5 336.5 0.457440439860026
0 0.245798916672356 459.0 353.5 0.406509653727214
0 0.263752375001786 471.5 366.5 0.395901234944661
0 0.279283166659297 478.5 379.5 0.470035807291667
0 0.295713916653767 478.0 389.0 0.485296885172526
0 0.312394875014434 469.5 396.0 0.633750279744466
0 0.332958499988308 450.5 401.0 0.829149627685547
0 0.345563250011764 442.5 401.5 0.875970458984375
0 0.362400874990271 425.5 398.0 1.00066833496094
0 0.376675000006799 419.0 393.0 1.05353762308757
0 0.395734749996336 415.0 385.0 0.875861612955729
0 0.412452041666256 416.5 372.0 0.666735712687174
0 0.431918958347524 423.5 354.5 0.533340199788411
0 0.445646708336426 435.0 334.0 0.444659042358398
0 0.462433458334999 447.5 316.0 0.405807876586914
0 0.47918358334573 458.0 302.0 0.461692174275716
0 0.495632666657912 466.0 288.0 0.586427561442057
0 0.512659458327107 470.5 277.5 0.588508987426758
0 0.525977541663451 473.5 263.5 0.791590372721354
0 0.54584354168037 471.0 254.0 0.644066747029622
0 0.55726058332948 467.0 253.0 0.591101201375326
0 0.557599166670116 463.5 253.0 0.0

