0 0.0 458.5 319.5 0.333333333333333
0 0.0181106249801815 460.5 318.0 0.532808303833008
0 0.0351734999858309 465.0 320.5 0.583591715494792
0 0.0488912499858998 471.0 328.0 0.467585118611654
0 0.0534651250054594 473.0 330.5 0.460774866739909
0 0.061855583335273 476.0 336.5 0.473604329427083
0 0.0826538749970496 482.0 353.0 0.350382359822591
0 0.0952852916670963 483.5 363.5 0.301675923665365
0 0.11209366665571 483.5 378.0 0.354872512817383
0 0.128966166666942 479.0 391.5 0.444906743367513
0 0.145335083332611 473.0 402.5 0.564385350545247
0 0.162279416661477 465.5 408.5 0.710580317179362
0 0.181825916661182 457.0 409.5 0.833719635009766
0 0.195224750001216 447.5 409.0 0.814524714152018
0 0.212022124993382 434.0 403.0 0.848103713989258
0 0.226079708314501 428.5 397.5 0.889325078328451
0 0.245888125005877 423.0 386.5 0.707570139567057
0 0.262122374988394 422.5 372.5 0.496456146240234
0 0.279971791664138 426.5 357.0 0.335189819335938
0 0.295352833316429 433.5 343.0 0.366565195719401
0 0.312092624983052 442.5 330.5 0.401631418863932
0 0.329269958339864 451.5 323.0 0.29374516805013
0 0.336663916648831 453.5 321.5 0.148117319742839
0 0.336994249984855 455.5 320.5 0.0

