0 0.0 429.5 396.5 0.333333333333333
0 0.0209432499832474 428.0 396.5 0.333333333333333
0 0.0380006249761209 413.5 394.5 0.485995610555013
0 0.04948383331066 407.5 393.5 0.611736679077148
0 0.0554349166632164 402.5 392.5 0.684364446004232
0 0.0617183333088178 400.0 392.0 0.709041849772135
0 0.0791594999900553 388.5 387.0 0.724980036417643
0 0.0954099999798927 378.5 378.0 0.586397425333659
0 0.112046124995686 370.0 364.5 0.346811930338542
0 0.128916791640222 365.5 350.0 0.218606948852539
0 0.145574583322741 365.0 334.5 0.293724060058594
0 0.160719374980545 371.5 318.5 0.34941775004069
0 0.179885791643756 386.5 295.5 0.324595387776693
0 0.19383708332316 397.5 284.0 0.392330169677734
0 0.212107833329355 416.0 272.0 0.265165837605794
0 0.228868708305527 432.5 267.0 0.298841094970703
0 0.245734333322616 449.0 268.5 0.387297566731771
0 0.262060916662449 462.0 277.5 0.383409372965495
0 0.279773416667012 471.0 292.5 0.399151357014974
0 0.295557833305793 474.5 313.0 0.416309865315755
0 0.310730041645002 474.5 327.5 0.538466771443685
0 0.329155458312016 472.0 346.0 0.589761606852214
0 0.342164249974303 469.0 355.0 0.646151860555013
0 0.362128291657427 461.5 370.5 0.511624908447266
0 0.378964458330302 454.0 384.5 0.306898880004883
0 0.390523374982877 450.0 392.0 0.171119054158529
0 0.390828166651772 447.5 396.0 0.0

