0 0.0 416.0 269.5 0.333333333333333
0 0.0291517916775774 414.0 269.5 0.333333333333333
0 0.0304927916731685 400.5 270.0 0.185933303833008
0 0.0384206666785758 398.5 271.5 0.152599970499674
0 0.0539239166828338 388.0 280.0 0.321417363484701
0 0.0733899166807532 376.0 292.0 0.377885437011719
0 0.0900886250019539 366.0 304.5 0.472072219848633
0 0.107978166663088 358.0 320.0 0.47519785563151
0 0.124078208347782 353.5 338.0 0.47783571879069
0 0.140595416683936 354.0 355.0 0.522594960530599
0 0.15805079168058 360.5 369.5 0.550326792399089
0 0.17344100002083 371.5 381.0 0.423733520507812
0 0.186848000012105 381.5 386.0 0.421812566121419
0 0.207247583341086 401.5 388.5 0.298491541544596
0 0.22340495834942 420.0 385.5 0.2884033203125
0 0.240056250011548 438.0 377.5 0.322613906860352
0 0.257896041672211 454.0 364.0 0.45660769144694
0 0.274864041683031 466.5 348.0 0.584621047973633
0 0.291193041659426 475.0 331.5 0.823869450887044
0 0.306993791688001 476.5 317.0 1.03679313659668
0 0.321296500012977 474.5 305.0 1.06979586283366
0 0.340181208332069 464.0 286.5 0.90387700398763
0 0.357024375000037 449.5 274.5 0.652550252278646
0 0.373716458329 427.5 268.0 0.243916193644206
0 0.377457333350321 420.0 267.0 0.0

