0 0.0 440.0 338.0 0.333333333333333
0 0.0200099583307747 438.0 338.0 0.333333333333333
0 0.0299449583108071 424.0 335.0 0.748960367838542
0 0.0416657500027213 417.0 339.0 0.754818725585938
0 0.0494000833132304 415.0 340.5 0.75
0 0.0644139166688547 405.0 352.0 0.723035176595052
0 0.0908219583216123 392.5 378.0 0.640247472127279
0 0.09992354165297 388.5 389.5 0.52349484761556
0 0.115915125003085 385.0 406.0 0.526816177368164
0 0.132509458315326 384.5 425.5 0.559010569254557
0 0.149702291644644 391.0 445.0 0.572753651936849
0 0.165712666668696 402.5 464.0 0.506149164835612
0 0.182380374986678 418.0 478.5 0.551064682006836
0 0.202911666652653 434.5 481.5 0.461881001790365
0 0.215580083313398 448.0 475.0 0.406624348958333
0 0.232846291648457 466.0 456.5 0.452237192789714
0 0.249393333331682 476.0 432.5 0.638380432128906
0 0.26578545832308 484.0 405.5 1.02611834208171
0 0.282532041659579 487.0 383.0 1.31864954630534
0 0.302006541664014 485.0 365.5 1.42240002950033
0 0.31624441666645 477.0 350.5 1.3453130086263
0 0.332556041656062 462.0 338.5 0.781993230183919
0 0.340394458326045 457.5 337.0 0.521878178914388
0 0.340687416668516 452.0 335.5 0.0

