0 0.0 440.5 269.5 0.333333333333333
0 0.0246843750064727 439.5 269.5 0.333333333333333
0 0.0344532083254308 428.0 266.0 0.790754191080729
0 0.0352246666734572 426.5 266.0 0.847916666666667
0 0.0414595000038389 422.0 268.0 0.824475987752279
0 0.0773652500065509 401.5 280.5 0.676466115315755
0 0.0845360000093933 394.5 286.0 0.660371398925781
0 0.0992307499982417 380.0 301.5 0.570364252726237
0 0.11611787500442 365.0 322.0 0.47068837483724
0 0.132978624984389 356.5 342.5 0.582096354166667
0 0.149254208343336 356.0 360.0 0.729508972167969
0 0.17072358331643 365.0 380.0 0.787042999267578
0 0.182576333318138 372.5 390.0 0.628823598225911
0 0.199536375002936 384.5 399.0 0.484250768025716
0 0.21892604167806 395.0 402.0 0.404632186889648
0 0.232909583341097 416.0 400.0 0.372227732340495
0 0.246588458336191 429.0 394.0 0.324070358276367
0 0.266253291658359 447.0 382.0 0.47842903137207
0 0.28227941665682 458.5 367.0 0.626667022705078
0 0.299743624986149 465.5 351.5 0.910339864095052
0 0.316210166667588 469.5 337.0 1.10660845438639
0 0.332627124997089 470.0 324.5 1.24947497049967
0 0.349385083332891 467.0 310.5 1.07361005147298
0 0.365886624989798 461.5 300.5 0.944516245524089
0 0.380899000010686 450.5 290.0 0.551855850219727
0 0.386546708323294 446.5 288.0 0.32278569539388
0 0.386838458332932 441.5 286.0 0.0

