0 0.0 448.5 299.5 0.333333333333333
0 0.0206054166483227 446.5 299.5 0.333333333333333
0 0.0295990833255928 438.0 299.0 0.419478480021159
0 0.0427372083358932 430.5 305.0 0.521780141194661
0 0.0480790416477248 429.5 306.0 0.530269368489583
0 0.0660780416510534 420.5 316.0 0.520987319946289
0 0.0795602916623466 414.5 323.5 0.511474990844727
0 0.0957950000010896 404.5 337.5 0.438370259602865
0 0.115357666654745 396.0 352.0 0.40501340230306
0 0.130126458330778 386.5 373.0 0.364095560709635
0 0.145410875004018 384.5 385.5 0.411967849731445
0 0.162122458335944 387.0 400.5 0.504150517781575
0 0.178688458312536 395.0 415.5 0.496763356526693
0 0.195601749990601 407.0 429.0 0.413068008422852
0 0.212175291642779 422.0 439.5 0.331577301025391
0 0.230568833329016 438.5 445.5 0.265682601928711
0 0.245282499992754 456.5 446.5 0.274066034952799
0 0.26183695832151 469.5 444.0 0.282295989990234
0 0.279048791649984 489.5 435.5 0.376342391967773
0 0.295344208338065 502.5 424.5 0.491625467936198
0 0.312408291647444 511.0 408.0 0.637999471028646
0 0.328765083337203 516.0 386.0 0.829452641805013
0 0.349974499986274 516.5 365.5 0.983047612508138
0 0.362460000003921 512.0 345.5 1.06122856140137
0 0.378931791667128 504.0 325.5 0.998886744181315
0 0.394442666671239 495.5 313.5 0.995028559366862
0 0.412065208336571 481.5 301.5 0.919781875610352
0 0.426358875003643 468.0 296.5 0.585763422648112
0 0.436732583330013 461.5 296.0 0.244535064697266
0 0.43696145832655 458.5 295.5 0.0

