0 0.0 451.0 307.0 0.333333333333333
0 0.0220690416754223 451.0 306.0 0.333333333333333
0 0.0248739166709129 448.0 299.0 0.546879196166992
0 0.0475134166772477 442.0 298.0 0.587829844156901
0 0.0598502083448693 435.5 300.0 0.526941045125325
0 0.0793673750013113 424.5 309.5 0.494722112019857
0 0.096052333334228 414.5 321.0 0.462848281860352
0 0.112720875011291 403.0 338.0 0.459937795003255
0 0.129689624998719 392.5 360.0 0.484347279866536
0 0.14747266669292 386.5 383.0 0.574863560994466
0 0.163173333334271 387.0 404.5 0.607018280029297
0 0.180450666666729 395.0 423.0 0.6499693552653
0 0.193963458354119 405.5 434.5 0.687416458129883
0 0.2130585416744 425.0 445.0 0.524870427449544
0 0.229412583343219 440.5 445.5 0.525315856933594
0 0.246101416676538 457.5 440.0 0.583786265055339
0 0.262735000025714 474.5 428.5 0.672965367635091
0 0.282967291685054 488.0 411.5 0.722164154052734
0 0.300027791672619 498.5 392.0 0.870750935872396
0 0.31327341668657 503.5 373.0 1.15316060384115
0 0.3270080833463 504.0 358.5 1.24616139729818
0 0.347363250009948 501.0 334.0 1.38854166666667
0 0.35953383333981 497.0 320.5 1.41911315917969
0 0.379426083352882 485.0 302.5 1.27528889973958
0 0.396116125019034 470.0 295.0 1.05998853047689
0 0.412511166679906 451.5 295.5 0.468258666992187
0 0.421372791694012 446.5 297.0 0.381970087687174
0 0.421830458333716 442.0 299.0 0.0

