0 0.0 430.5 263.5 0.333333333333333
0 0.0209333333477844 429.0 265.0 0.333333333333333
0 0.0332847916870378 416.5 275.5 0.496091588338216
0 0.0408827500068583 415.0 278.0 0.426419448852539
0 0.0533390000055078 411.5 284.0 0.349058787027995
0 0.0622476666758303 408.5 290.0 0.292079289754232
0 0.0760272500046995 406.0 296.0 0.295626449584961
0 0.0946118750143796 403.5 306.0 0.299547322591146
0 0.111338958347915 403.0 317.0 0.305801645914714
0 0.127899625018472 404.0 327.5 0.342951202392578
0 0.144444958335953 408.5 338.0 0.298099772135417
0 0.161724000005051 415.0 348.0 0.396115239461263
0 0.177847583341645 423.0 356.0 0.301752599080404
0 0.194864250021055 431.5 362.5 0.30543950398763
0 0.21521679169382 444.5 366.5 0.339214324951172
0 0.22599325000192 450.0 366.5 0.335977554321289
0 0.240847958339145 461.0 362.0 0.34377810160319
0 0.261420166672906 474.5 351.5 0.405710983276367
0 0.278221958345966 484.0 338.0 0.437658055623372
0 0.296427416673396 491.5 323.0 0.498509979248047
0 0.315633750025881 496.0 308.5 0.584686024983724
0 0.328283666691277 496.5 296.0 0.688463719685872
0 0.344412375008687 491.0 283.0 0.830481592814128
0 0.361564500024542 483.5 274.0 0.90988515218099
0 0.376227833359735 470.0 265.0 0.847685877482096
0 0.394312666670885 454.5 260.0 0.724643325805664
0 0.411975625000196 437.5 259.0 0.233759053548177
0 0.41937762501766 434.0 259.0 0.162825139363607
0 0.419595250015846 431.5 259.0 0.0

