0 0.0 445.5 414.0 0.333333333333333
0 0.0187519583269022 443.5 415.0 0.333333333333333
0 0.0255683333380148 442.0 415.0 0.515364583333333
0 0.0310097500041593 432.0 417.0 0.350493621826172
0 0.0414109583362006 427.0 417.0 0.510394668579102
0 0.0504382500075735 422.5 416.0 0.597201029459635
0 0.070694458350772 410.0 411.0 0.692336781819661
0 0.0845500416762661 400.5 405.0 0.717262268066406
0 0.100842250016285 388.0 393.5 0.683156077067057
0 0.120734083349817 377.5 375.0 0.324277114868164
0 0.137728291680105 374.5 358.0 0.277215703328451
0 0.154012333339779 377.5 338.0 0.269317118326823
0 0.170674583350774 384.5 321.0 0.259270477294922
0 0.188503291661618 393.5 308.0 0.325145467122396
0 0.204637291666586 406.0 299.0 0.351100158691406
0 0.220742416684516 416.5 296.5 0.364206695556641
0 0.237592874997063 436.5 302.0 0.396041870117188
0 0.250672291673254 449.0 313.5 0.407375208536784
0 0.270740208332427 464.0 339.0 0.385835138956706
0 0.288605666661169 471.5 362.5 0.470014953613281
0 0.304781250015367 474.0 382.5 0.550092442830404
0 0.320730125007685 474.0 396.5 0.646431605021159
0 0.337613291660091 471.0 404.0 0.702209854125977
0 0.354349875007756 463.5 411.5 0.726599375406901
0 0.365938875009306 458.5 416.0 0.493795649210612
0 0.36627670834423 455.0 419.0 0.0

