0 0.0 440.5 297.5 0.333333333333333
0 0.0251662083319388 431.0 298.0 0.460416666666667
0 0.0329671250074171 427.5 299.5 0.502604166666667
0 0.0447252083395142 422.5 303.0 0.536458333333333
0 0.0617587916785851 414.0 310.5 0.408650716145833
0 0.0824680416844785 404.0 322.0 0.399798838297526
0 0.0955609583470505 395.5 334.5 0.385373942057292
0 0.111918458336731 388.0 355.5 0.420458857218424
0 0.129044416680699 389.5 370.5 0.541439946492513
0 0.145396666659508 398.0 385.5 0.575352478027344
0 0.161898083344568 409.5 399.5 0.46141611735026
0 0.17973112501204 423.0 410.0 0.391200129191081
0 0.198818500008201 437.0 414.5 0.33057378133138
0 0.211815041664522 449.0 412.0 0.331190363566081
0 0.228632916667266 468.5 397.5 0.459137598673503
0 0.242961041658418 478.0 385.0 0.557693099975586
0 0.262218041665619 487.5 360.0 0.895557149251302
0 0.278678916685749 489.0 342.5 1.23283335367839
0 0.295451291662175 485.0 326.0 1.26510416666667
0 0.311958708334714 475.0 311.0 0.930819956461589
0 0.323409791686572 468.5 305.5 0.542175165812175
0 0.323753208329435 464.0 302.5 0.0

