0 0.0 374.5 263.0 0.333333333333333
0 0.0168009583285311 371.5 263.0 0.333333333333333
0 0.0176507083378965 367.0 261.5 0.333333333333333
0 0.0315427916648332 350.5 262.5 0.697920862833659
0 0.0393299166607903 341.5 265.0 0.669971974690755
0 0.0502159583265893 335.0 267.5 0.592601903279622
0 0.0673474999930477 319.5 275.5 0.514397303263346
0 0.0856115833303193 308.0 283.5 0.45585454305013
0 0.101789624997764 297.5 294.0 0.332390848795573
0 0.118420250000781 288.0 306.5 0.277522786458333
0 0.135177416668739 280.0 321.0 0.281817754109701
0 0.150147916661808 275.0 334.0 0.24971669514974
0 0.168705958334613 272.5 356.5 0.315165201822917
0 0.181831541660358 275.5 369.0 0.335687255859375
0 0.201810208338429 287.5 390.5 0.359009679158529
0 0.218494125001598 302.5 406.5 0.348496882120768
0 0.23530354165996 321.5 421.0 0.342121378580729
0 0.251787125002011 344.5 433.0 0.377602005004883
0 0.268051624996588 368.0 440.5 0.404747899373372
0 0.284803083326551 393.0 444.5 0.459980392456055
0 0.301766499993391 418.5 444.5 0.505164210001628
0 0.315314124993165 437.0 440.5 0.533641306559245
0 0.331674874993041 459.5 431.5 0.553652191162109
0 0.351501833327347 480.5 416.5 0.617223358154297
0 0.368116500001634 492.5 402.5 0.651561737060547
0 0.384745458330144 500.0 385.5 0.757823308308919
0 0.40144708333537 502.0 368.0 0.873880004882812
0 0.418360166659113 498.5 351.0 1.03957532246908
0 0.435171499993885 488.5 332.5 1.10781402587891
0 0.450139416658203 477.0 318.0 1.09331143697103
0 0.468446583327022 456.0 292.5 0.917213439941406
0 0.481790833335253 443.5 278.0 0.846645355224609
0 0.502028083326877 429.0 263.5 0.260577901204427
0 0.502360041660722 424.0 260.5 0.0

