0 0.0 437.5 261.5 0.333333333333333
0 0.0201459166710265 437.5 261.0 0.333333333333333
0 0.0284990000072867 439.0 259.5 0.182554117838542
0 0.0378322083415696 439.5 261.5 0.18958740234375
0 0.0504623750020983 440.5 267.0 0.248240407307943
0 0.0652968750073342 440.5 277.5 0.152498245239258
0 0.0798742083425168 438.0 288.5 0.29109141031901
0 0.101383625005838 430.0 301.0 0.392874399820964
0 0.1129044166737 421.5 308.0 0.425480524698893
0 0.132649041668628 401.5 317.5 0.439561208089193
0 0.149350666673854 380.5 320.0 0.453152465820312
0 0.165965791675262 357.0 319.0 0.426977030436198
0 0.183467750001 334.0 311.5 0.398070907592773
0 0.200883375000558 314.5 299.5 0.424320983886719
0 0.215385750008863 305.0 288.5 0.420042673746745
0 0.230663958340301 296.5 274.5 0.472528584798177
0 0.249517541669775 295.5 256.0 0.426123301188151
0 0.266300333343679 305.5 239.0 0.373127365112305
0 0.282687500002794 322.5 222.0 0.31053212483724
0 0.299399875002564 345.0 208.0 0.260314178466797
0 0.316025583335431 371.5 198.0 0.215733337402344
0 0.334727375011425 400.0 194.0 0.172930653889974
0 0.351274375003413 426.0 196.5 0.12917226155599
0 0.365427374999854 440.0 205.5 0.129545466105143
0 0.382693999999901 452.5 228.5 0.132759348551432
0 0.396141916673514 454.0 244.0 0.114757029215495
0 0.417147625004873 448.0 268.0 0.168081410725911
0 0.422633875001338 444.5 273.5 0.0

