0 0.0 447.5 192.0 0.333333333333333
0 0.0214243333321065 446.5 192.0 0.333333333333333
0 0.0239100000035251 445.5 192.0 0.333333333333333
0 0.0291101250040811 439.5 186.5 0.410416666666667
0 0.0372231666697189 438.5 185.5 0.442090733846029
0 0.0488492083386518 437.5 184.0 0.462046178181966
0 0.0624790833389852 437.0 182.5 0.466956583658854
0 0.0824369166657561 438.0 180.0 0.523066838582357
0 0.100284666666994 442.5 179.0 0.477501805623372
0 0.112982041668147 448.5 178.5 0.433689244588216
0 0.132463083340554 461.0 180.0 0.349433898925781
0 0.149102416675305 471.0 185.0 0.323001352945964
0 0.166542708335328 481.0 192.5 0.280890782674154
0 0.182826666670735 489.5 201.0 0.254302469889323
0 0.198694291670108 495.5 208.0 0.234026845296224
0 0.212727958336473 500.5 217.5 0.221937815348307
0 0.232660208333982 501.5 233.5 0.273815027872721
0 0.249104791670106 496.5 248.5 0.27378412882487
0 0.266102958339616 488.5 263.5 0.306372578938802
0 0.283320666669169 479.5 277.0 0.366957346598307
0 0.299452749997727 466.5 290.5 0.445872624715169
0 0.316762125003152 451.0 302.5 0.456327565511068
0 0.33242454167339 434.0 311.5 0.447731526692708
0 0.347263083342114 420.0 315.0 0.44677734375
0 0.362491499996395 401.5 315.5 0.474206288655599
0 0.379439291675226 385.0 309.0 0.51981569925944
0 0.399157749998267 366.5 297.0 0.594698588053385
0 0.415897416663938 352.5 281.5 0.641447194417318
0 0.432740416668821 343.5 263.5 0.624111557006836
0 0.449097999997321 342.0 245.5 0.589120610555013
0 0.465961624999181 350.5 227.0 0.599315516153971
0 0.482616583336494 371.5 209.5 0.610251871744792
0 0.497212333328207 395.0 196.5 0.482205963134766
0 0.512571458340972 424.5 185.5 0.323810831705729
0 0.52023024999653 432.0 183.0 0.194382603963216
0 0.520517500001006 438.0 181.0 0.0

