0 0.0 453.5 263.0 0.333333333333333
0 0.0205658749910071 451.0 262.0 0.333333333333333
0 0.033504291655845 434.5 254.0 0.755212529500325
0 0.0432916666613892 427.5 253.0 0.810545094807943
0 0.0465227916574804 424.5 253.0 0.815841674804688
0 0.0602757916640257 415.0 253.0 0.780285517374674
0 0.0743795833259355 400.0 257.0 0.667331314086914
0 0.0906937916588504 383.0 265.0 0.628645960489909
0 0.10899979165697 363.5 278.5 0.514300409952799
0 0.124245874991175 347.0 293.0 0.46586430867513
0 0.140805583330803 334.5 307.5 0.590076955159505
0 0.157780916662887 328.5 321.5 0.738306427001953
0 0.174383708334062 327.0 334.0 0.786915461222331
0 0.191297375000431 329.0 353.5 0.827082697550456
0 0.207804083329393 337.5 375.0 0.741137313842773
0 0.224416916666087 355.5 399.0 0.508499908447266
0 0.241075833328068 375.5 414.5 0.437945175170898
0 0.257507999995141 399.0 425.5 0.412244923909505
0 0.274316249997355 423.0 429.5 0.425491460164388
0 0.290755416659522 447.5 430.0 0.52188466389974
0 0.31046816665912 472.0 427.0 0.627033869425456
0 0.324777583329706 493.5 419.0 0.692584101359049
0 0.338763083331287 508.0 408.5 0.731654485066732
0 0.3576417916629 528.0 388.0 1.03712768554687
0 0.374331458326196 538.5 372.5 1.15720227559408
0 0.390969250001945 544.0 358.0 1.21649525960286
0 0.410773999989033 543.5 343.5 1.30531018575033
0 0.424288166657789 537.5 328.5 1.38283182779948
0 0.442106416667229 525.5 313.0 1.44087498982747
0 0.457616833329666 509.0 298.0 1.34174893697103
0 0.473974249995081 495.5 287.5 1.01435343424479
0 0.491299916655407 476.0 271.0 0.387080637613932
0 0.497047958328039 472.0 267.0 0.0

