0 0.0 445.0 309.0 0.333333333333333
0 0.0330840416718274 435.0 302.5 0.653120803833008
0 0.0411414999980479 430.5 301.5 0.737758255004883
0 0.0539538750017527 425.0 300.5 0.8140625
0 0.0696552500012331 418.5 301.0 0.734696451822917
0 0.0842002916760975 408.5 305.0 0.512538782755534
0 0.103829458341352 392.0 315.5 0.267902374267578
0 0.121182583345217 376.5 328.0 0.207997131347656
0 0.136814083336503 360.0 343.0 0.197371292114258
0 0.153569500005688 346.5 357.5 0.422310892740885
0 0.170170083336416 338.0 371.0 0.695779418945312
0 0.187327000006917 333.0 385.0 0.824536005655924
0 0.206397708345321 332.0 400.5 0.833694458007812
0 0.219872916670283 334.0 413.0 0.817815653483073
0 0.233121166675119 341.0 430.5 0.789205805460612
0 0.253601458331104 356.0 446.5 0.743781280517578
0 0.270342416668427 373.0 455.5 0.741574096679688
0 0.286722250006278 392.0 462.5 0.829672241210938
0 0.303488708334044 413.5 466.0 0.846478017171224
0 0.323772083342192 434.0 467.0 0.924630228678385
0 0.337226291667321 455.5 463.0 0.974146397908529
0 0.353066666677478 472.0 456.0 1.04940617879232
0 0.369417708338005 492.5 443.5 1.11036033630371
0 0.38421562500298 509.0 429.5 1.16599108378092
0 0.404865250005969 523.5 411.5 1.17560564676921
0 0.419331666678772 529.0 400.0 1.25266024271647
0 0.437098333335598 531.0 382.5 1.47995910644531
0 0.453383583342656 527.5 368.0 1.68878758748372
0 0.47026629166794 520.0 353.5 1.79145355224609
0 0.487501750001684 509.0 338.5 1.85811398824056
0 0.506162208344904 494.5 324.0 1.64193649291992
0 0.518768624999211 482.5 316.0 1.62691459655762
0 0.536896916673868 460.5 306.0 1.2493418375651
0 0.55354300000181 442.0 303.5 0.666394551595052
0 0.564925666665658 435.0 303.5 0.492773564656576
0 0.565251500011072 432.0 304.0 0.0

