0 0.0 407.5 295.0 0.333333333333333
0 0.0158010000013746 404.5 294.5 0.333333333333333
0 0.0319586666591931 380.5 292.0 0.210472869873047
0 0.0408614999905694 375.0 293.5 0.297611618041992
0 0.0566641250043176 361.5 299.5 0.430855305989583
0 0.0769159166666213 347.5 310.0 0.463164774576823
0 0.0894189583341358 331.5 325.5 0.427206548055013
0 0.106286249996629 317.5 344.5 0.398230361938477
0 0.120225291670067 312.0 357.0 0.380674616495768
0 0.1358305416652 310.0 371.5 0.41182378133138
0 0.156293458334403 316.0 391.5 0.513062922159831
0 0.174579625003389 327.0 409.5 0.50009167989095
0 0.189593333328958 342.0 427.5 0.525409317016602
0 0.206153124992852 360.5 443.5 0.442758433024089
0 0.223929708328797 382.5 455.0 0.485817845662435
0 0.239390916671255 405.5 460.5 0.512300109863281
0 0.257693291670876 429.5 461.0 0.510072453816732
0 0.272784125001635 447.0 458.0 0.52478764851888
0 0.287289708328899 469.5 450.5 0.611301422119141
0 0.306502874998841 493.5 435.5 0.758298746744792
0 0.322337666657404 511.0 416.5 0.805825424194336
0 0.339069166657282 523.5 397.5 0.838023376464844
0 0.355722666659858 530.0 379.0 0.882144673665365
0 0.373063666658709 531.0 363.5 1.09982172648112
0 0.389010916667758 527.0 353.0 1.27679951985677
0 0.405687999998918 517.0 337.5 1.25386021931966
0 0.422876833326882 499.5 314.5 1.3263853708903
0 0.439759999993839 484.0 297.0 1.16085942586263
0 0.456252125004539 466.0 283.5 0.919011306762695
0 0.473238583334023 444.5 277.0 0.642364247639974
0 0.48911470832536 420.0 279.5 0.210040537516276
0 0.49557595832448 412.5 282.5 0.0

