0 0.0 413.5 190.5 0.333333333333333
0 0.0145954583422281 412.5 190.0 0.333333333333333
0 0.0260734166658949 409.0 183.5 0.598954137166341
0 0.0389648749987828 407.5 182.0 0.580597941080729
0 0.0457788333442295 406.0 181.0 0.496155675252279
0 0.0663148333405843 399.0 180.0 0.377565511067708
0 0.0830379166727653 390.0 179.5 0.335659154256185
0 0.0995478333352366 377.0 182.0 0.306260426839193
0 0.116267041667015 361.5 188.5 0.350726191202799
0 0.133427375010797 345.5 198.0 0.407464472452799
0 0.149202291679103 335.0 208.0 0.496707280476888
0 0.168265916669043 322.5 227.0 0.54880854288737
0 0.180453624998336 318.0 240.5 0.586586888631185
0 0.199688666674774 316.5 262.5 0.488844299316406
0 0.21648250000726 321.0 279.5 0.467761484781901
0 0.233050625000033 330.5 295.5 0.422571818033854
0 0.249616708344547 343.0 309.0 0.412138875325521
0 0.268723125001998 357.0 319.5 0.40352783203125
0 0.282851583338925 372.5 326.5 0.456897989908854
0 0.299722666677553 385.0 330.0 0.457636260986328
0 0.315408375012339 403.5 332.0 0.598992029825846
0 0.33379804166907 425.0 330.0 0.603683217366536
0 0.346210125004291 438.0 326.0 0.633613713582357
0 0.366315625011339 456.0 315.5 0.637349700927734
0 0.383269166675746 467.5 305.0 0.693693288167318
0 0.399557916665799 476.5 292.0 0.698892084757487
0 0.41631533333566 481.5 278.0 0.67368532816569
0 0.433373958338052 482.5 262.0 0.596608225504557
0 0.451466750004329 480.5 249.5 0.64354731241862
0 0.468093291667174 474.0 234.0 0.670036188761393
0 0.481079583332757 463.0 221.0 0.71647694905599
0 0.499037000001408 443.0 207.0 0.627892684936523
0 0.515475583335501 421.5 199.0 0.367229207356771
0 0.52769683333463 410.5 195.5 0.179324595133464
0 0.52803108333319 404.5 193.5 0.0

