0 0.0 457.5 325.0 0.333333333333333
0 0.0238036249938887 457.5 325.5 0.333333333333333
0 0.0327888333267765 456.5 324.0 0.357846450805664
0 0.0424306666682241 455.5 323.5 0.405432764689128
0 0.0521861250017537 455.0 323.5 0.373646545410156
0 0.0711647916614311 451.5 323.5 0.44535026550293
0 0.0864011666562874 446.5 324.0 0.417427698771159
0 0.104260333333514 441.5 325.0 0.372603607177734
0 0.119860999999219 430.0 326.0 0.371302286783854
0 0.133818874994176 421.0 325.5 0.371034495035807
0 0.15339562499139 403.5 323.0 0.415229288736979
0 0.16992391666281 388.5 320.0 0.465432993570964
0 0.186367791669909 372.5 316.0 0.483128865559896
0 0.204242916661315 359.0 310.5 0.527428817749023
0 0.219690083322348 350.0 303.0 0.544884236653646
0 0.236718375002965 343.5 292.5 0.54625498453776
0 0.252698041658732 340.5 283.0 0.450889841715495
0 0.269829333323287 339.5 267.0 0.420247141520182
0 0.28329041665711 341.5 256.5 0.37530771891276
0 0.303199749992928 351.0 240.0 0.348745091756185
0 0.320215541665675 364.5 225.5 0.319551722208659
0 0.336466666660272 381.5 212.5 0.294591395060221
0 0.353103624991491 401.0 201.5 0.276561228434245
0 0.373320874990895 420.5 195.5 0.223929214477539
0 0.389669041658635 438.5 194.0 0.158548482259115
0 0.402815333334729 451.0 195.0 0.122216669718424
0 0.419767833329388 468.0 202.5 0.110715866088867
0 0.435836041666334 477.5 211.0 0.075304921468099
0 0.453146416664822 491.5 226.5 0.161193339029948
0 0.469797749989084 500.0 238.5 0.169178517659505
0 0.486736791659496 505.5 251.5 0.161481730143229
0 0.503230083326343 507.0 266.5 0.242803319295247
0 0.521430124994367 504.0 281.5 0.321364339192708
0 0.539406750001945 497.5 295.0 0.363350550333659
0 0.554754833327024 489.5 303.5 0.40390993754069
0 0.570279416657286 471.5 315.0 0.494547398885091
0 0.582833624997875 459.0 321.5 0.554738362630208
0 0.603243374993326 444.0 327.5 0.301642608642578
0 0.608421500000986 441.0 328.0 0.0

