0 0.0 438.0 309.0 0.333333333333333
0 0.0191539583320264 435.0 307.0 0.333333333333333
0 0.0210464999981923 432.0 304.0 0.333333333333333
0 0.0284403333353112 419.5 297.5 0.518851598103841
0 0.0335704583267216 415.0 296.0 0.713046264648437
0 0.0702269583271118 395.0 294.0 0.601423899332682
0 0.0791375416592928 389.5 296.0 0.539103062947591
0 0.0944306250021327 376.0 302.5 0.465799331665039
0 0.111881916658604 360.0 315.0 0.394443766276042
0 0.127795083331876 343.0 331.0 0.389107894897461
0 0.144132458328386 328.5 347.5 0.551532745361328
0 0.160878708324162 320.5 362.0 0.698360188802083
0 0.174924874998396 319.0 372.5 0.775438054402669
0 0.196037416666513 322.0 392.5 0.691181310017904
0 0.212465041666292 330.5 411.0 0.675296529134115
0 0.227467458331375 343.0 428.5 0.691143544514974
0 0.244469833327457 360.0 443.5 0.641707992553711
0 0.261147124998388 380.5 454.5 0.665514755249023
0 0.277846166660311 402.5 461.0 0.775000635782878
0 0.2940657500003 425.0 463.5 0.910209528605143
0 0.311798833325156 442.5 462.5 0.927386093139648
0 0.324385874992004 465.5 455.5 0.98279914855957
0 0.342757291669841 486.0 442.0 0.987079238891602
0 0.360905166657176 507.0 419.0 1.04807523091634
0 0.377481124989572 518.5 399.0 1.09983978271484
0 0.394378416662221 524.0 379.0 1.20645955403646
0 0.41105408333533 523.0 362.5 1.44919611612956
0 0.431304375000764 514.5 347.0 1.73437080383301
0 0.444289083330659 500.5 331.5 1.74801584879557
0 0.45935799999279 488.0 321.5 1.75296274820964
0 0.477633166665328 465.0 306.5 1.32581316630046
0 0.494458541666972 445.5 297.5 0.668599955240885
0 0.506007083327859 436.0 295.0 0.514548873901367
0 0.506339166662656 431.0 294.5 0.0

