0 0.0 425.5 428.5 0.333333333333333
0 0.0181239583325805 424.0 428.5 0.333333333333333
0 0.0281583333271556 410.0 424.5 0.841141637166341
0 0.0394533749931725 404.0 422.0 0.971354166666667
0 0.0430198749963893 401.5 421.5 1.01302083333333
0 0.0586162499967031 391.0 417.0 1.16666247049967
0 0.0719978749984875 381.5 413.5 1.20885416666667
0 0.0915239583264338 366.5 409.0 1.18195711771647
0 0.107445666668355 354.0 405.0 1.04604721069336
0 0.123042666658876 334.5 397.0 0.7475892384847
0 0.13842812499206 320.5 385.5 0.584351984659831
0 0.15508208333631 312.5 372.0 0.522101593017578
0 0.171578541659983 310.5 356.5 0.671493275960286
0 0.188349000003655 314.5 336.5 0.666197967529297
0 0.20541900000535 324.5 317.0 0.618903986612956
0 0.221896999995806 338.5 299.5 0.633858235677083
0 0.238507375004701 355.5 286.5 0.434309514363607
0 0.254121874997509 368.0 281.0 0.344278971354167
0 0.269252458325354 387.0 277.0 0.352813975016276
0 0.286693166664918 407.0 276.0 0.424767939249674
0 0.306407041658531 433.5 281.0 0.47869987487793
0 0.320720416668337 449.0 288.0 0.504321161905924
0 0.338387666663039 469.5 302.5 0.51581916809082
0 0.354909166664584 481.0 315.5 0.516378021240234
0 0.371911958325654 490.5 329.5 0.582684707641602
0 0.388077374998829 495.0 340.0 0.592131042480469
0 0.406517750001512 497.0 353.0 0.633061218261719
0 0.41948012499779 496.0 365.0 0.78621571858724
0 0.438463291662629 489.5 379.5 1.00780944824219
0 0.455249833335984 480.5 392.0 0.98341064453125
0 0.473269416659605 465.5 406.5 0.921659851074219
0 0.488426124997204 449.0 420.0 0.596663920084635
0 0.494133000000147 444.5 423.0 0.0

