0 0.0 402.0 300.5 0.333333333333333
0 0.0176766666700132 402.0 299.5 0.333333333333333
0 0.0239143333310494 402.0 297.5 0.333333333333333
0 0.0323632916697534 410.0 284.5 0.743233362833659
0 0.0395746249996591 418.0 279.5 0.851566696166992
0 0.0464183333388064 423.5 277.5 0.870314534505208
0 0.05193333333591 427.0 277.0 0.879688517252604
0 0.0583537083293777 433.0 276.5 0.895574951171875
0 0.0791739166743355 448.5 283.0 0.661790466308594
0 0.0946062083385186 461.5 293.5 0.540135065714518
0 0.111264708335511 475.0 307.0 0.435526657104492
0 0.12881587499578 487.5 321.5 0.409233220418294
0 0.145082375005586 498.0 336.0 0.46502571105957
0 0.161757666661288 505.0 350.0 0.570045344034831
0 0.178376750001917 507.5 366.5 0.670420710245768
0 0.192751541660982 506.5 379.5 0.718309656778971
0 0.208108708335203 500.5 394.5 0.833622233072917
0 0.229811750003137 483.0 411.5 0.878830083211263
0 0.246557250007754 462.0 422.5 0.96624870300293
0 0.261801791668404 435.0 432.5 0.980737050374349
0 0.278418083340512 404.5 441.0 0.985311889648438
0 0.295472583340597 376.0 443.5 0.995875549316406
0 0.311767916660756 353.0 436.5 1.08761405944824
0 0.330132541668718 337.0 420.5 1.08125381469727
0 0.346231375006028 327.5 403.0 1.02899386088053
0 0.35809520832845 323.5 390.0 0.951339721679688
0 0.378725291666342 325.0 365.5 0.67288080851237
0 0.395007291663205 337.0 343.5 0.479262161254883
0 0.411455916662817 355.0 323.0 0.356857935587565
0 0.428537083338597 373.5 311.0 0.236399332682292
0 0.445722583332099 390.5 306.5 0.0913633982340495
0 0.45652125000197 399.5 306.0 0.00319099426269531
0 0.456811750002089 404.0 305.5 0.0

