0 0.0 468.5 236.5 0.333333333333333
0 0.0182917083293432 469.0 235.0 0.333333333333333
0 0.0297888333298033 471.0 231.5 0.387413279215495
0 0.0373402499972144 471.5 232.0 0.413680648803711
0 0.0718139999953564 473.0 247.0 0.137674840291341
0 0.0785260833363282 473.0 250.0 0.149147796630859
0 0.0955952083313605 469.5 263.5 0.213727951049805
0 0.112324333327706 463.5 274.0 0.280388259887695
0 0.132315499999095 454.5 282.5 0.336629358927409
0 0.145851791661698 444.5 288.5 0.448766708374023
0 0.161709416672238 436.0 292.0 0.505701955159505
0 0.178745041674119 420.0 294.5 0.513750457763672
0 0.196489541660412 404.0 293.5 0.466953786214193
0 0.210719833339681 389.0 291.0 0.360078684488932
0 0.229051416667062 366.0 284.0 0.353589757283529
0 0.245800916673033 354.0 274.5 0.496475219726562
0 0.263536583341192 348.5 262.0 0.535353088378906
0 0.283174333337229 348.0 243.5 0.404637400309245
0 0.296076041660854 351.0 232.0 0.384355799357096
0 0.312044916674495 358.0 216.0 0.280029296875
0 0.32735658333695 365.5 205.0 0.225474675496419
0 0.341880416672211 380.0 190.0 0.236419550577799
0 0.3635740000027 403.5 175.0 0.166052627563477
0 0.380180541673326 421.0 169.0 0.157998657226563
0 0.395472999996855 434.5 170.5 0.160044987996419
0 0.412159041661653 446.5 180.0 0.175438563028971
0 0.428917625002214 456.0 195.5 0.187329228719076
0 0.445529291668208 464.5 212.5 0.142595672607422
0 0.465730333336978 474.5 229.0 0.111642328898112
0 0.483352291674237 482.0 239.5 0.0702210744222005
0 0.484311416672426 484.0 243.5 0.0

