0 0.0 342.0 250.0 0.333333333333333
0 0.0276476250000997 341.5 250.0 0.137495803833008
0 0.0347087500122143 341.5 252.0 0.0624958038330078
0 0.0425013750063954 341.0 257.5 0.0799479166666667
0 0.0725430833408609 343.5 275.0 0.214844258626302
0 0.0804959583329037 346.0 280.5 0.238840738932292
0 0.0956625416729366 351.5 289.0 0.259845606486003
0 0.111473500001011 361.0 298.5 0.353346379597982
0 0.129847708332818 377.0 307.5 0.396375020345052
0 0.146461625001393 391.0 312.0 0.516316731770833
0 0.163135750000947 407.0 313.0 0.599496587117513
0 0.17976708333299 426.0 310.5 0.619563674926758
0 0.196652250000625 444.0 304.5 0.694148763020833
0 0.214412833345705 461.5 296.0 0.656997680664062
0 0.233802916671266 477.0 281.5 0.657620493570964
0 0.245960375003051 481.0 275.0 0.66729850769043
0 0.260479125005077 484.5 262.0 0.681700642903646
0 0.280079916672548 483.0 245.0 0.608135604858398
0 0.296329458346008 478.5 228.5 0.500237655639648
0 0.312992833336466 470.5 211.0 0.430782063802083
0 0.330847875011386 458.0 195.0 0.552874120076497
0 0.346413625011337 439.5 186.0 0.656746927897135
0 0.364530583334272 414.0 184.5 0.722360610961914
0 0.379684916668339 388.0 189.5 0.504189682006836
0 0.39579820833751 372.5 194.0 0.422778701782227
0 0.413452000007965 359.0 204.0 0.300337855021159
0 0.429884666678845 350.0 228.5 0.0
0 0.435345166668412 349.0 234.5 0.0

