0 0.0 412.0 402.5 0.333333333333333
0 0.0207318750035483 413.0 402.5 0.333333333333333
0 0.0368667500006268 420.0 396.0 0.601820755004883
0 0.0455115833319724 424.0 394.0 0.626041666666667
0 0.0505867500032764 428.5 391.5 0.620829137166341
0 0.0577375416760333 431.0 390.0 0.654162470499674
0 0.0623240416753106 435.5 387.0 0.649193064371745
0 0.0860316666658036 450.0 377.0 0.5856627146403
0 0.0989350416784873 461.5 366.5 0.581296666463216
0 0.115531375005958 472.5 354.0 0.600493621826172
0 0.13289154166705 481.0 340.5 0.65197639465332
0 0.149099625006784 486.5 326.5 0.805482355753581
0 0.166189708339516 489.0 311.5 0.910324986775716
0 0.180070916670957 488.5 301.0 0.973304112752279
0 0.199349708345835 482.0 283.5 1.14247716267904
0 0.215907875011908 472.5 271.5 1.16494394938151
0 0.233975374998408 459.5 262.0 1.14510129292806
0 0.250779500012868 441.0 256.5 1.08243293762207
0 0.267427708342439 417.5 257.0 0.960412851969401
0 0.282374083340983 393.5 262.5 0.811499404907227
0 0.299134000000777 370.0 272.5 0.655834070841471
0 0.317105333335348 349.0 284.5 0.677485529581706
0 0.332836125002359 336.0 296.0 0.659254201253255
0 0.349347083334578 324.5 311.5 0.797781880696615
0 0.366176374998759 320.5 325.0 0.820940017700195
0 0.382715416679275 321.5 339.5 0.767570495605469
0 0.399466375005431 329.0 357.0 0.775761159261068
0 0.416353250009706 341.5 374.0 0.770235824584961
0 0.436619875006727 360.0 390.5 0.740662892659505
0 0.449249249999411 373.0 399.0 0.633275985717773
0 0.464392500012764 385.5 406.0 0.502548217773438
0 0.473891333342181 395.0 409.5 0.232164128621419
0 0.474194958340377 400.0 410.5 0.0

