0 0.0 352.0 251.0 0.333333333333333
0 0.0187939166644355 348.0 248.0 0.333333333333333
0 0.0294011249934556 337.5 237.0 0.463545862833659
0 0.038547500007553 332.5 230.5 0.519275156656901
0 0.0446389999997336 331.0 225.5 0.489121373494466
0 0.0783794583403505 333.5 202.0 0.393749364217122
0 0.0866786249971483 342.0 190.5 0.423378626505534
0 0.100962166659883 353.0 179.0 0.358767573038737
0 0.120381000000634 373.5 163.5 0.22006467183431
0 0.136696458328515 391.5 154.5 0.197015635172526
0 0.153347291663522 410.0 151.5 0.177899297078451
0 0.174515541672008 436.0 156.0 0.157778294881185
0 0.186790041669155 451.5 165.0 0.155647913614909
0 0.203664625005331 469.5 182.5 0.169771575927734
0 0.219982583337696 480.5 205.0 0.158013280232747
0 0.234317333335639 484.5 222.5 0.150726191202799
0 0.249768499998027 486.5 244.0 0.20409189860026
0 0.273190124993562 485.0 267.0 0.27700678507487
0 0.287110666671651 478.0 283.0 0.291264851888021
0 0.303388416665257 468.5 294.0 0.374239349365234
0 0.319975791673642 453.0 299.5 0.44890391031901
0 0.337400541669922 426.0 302.0 0.577496719360352
0 0.354758458328433 399.5 301.0 0.640905253092448
0 0.369595583339105 381.0 296.0 0.64360605875651
0 0.386802124994574 358.0 280.0 0.520150756835937
0 0.391674875005265 354.0 275.5 0.0

