0 0.0 444.0 307.0 0.333333333333333
0 0.0323149583418854 437.5 301.5 0.281254069010417
0 0.0461192083312199 432.5 299.5 0.613793436686198
0 0.062600958335679 428.0 298.5 0.713087590535482
0 0.0683147916715825 426.0 298.5 0.720325469970703
0 0.0867057499999646 417.5 302.0 0.652780405680339
0 0.0996372916706605 410.5 307.0 0.712830479939779
0 0.119903708342463 397.5 320.0 0.558293279012044
0 0.136729999998352 386.0 333.0 0.631290817260742
0 0.153905208338983 377.5 346.5 0.834702809651693
0 0.170113916668925 371.5 361.0 0.981583786010742
0 0.186873666665633 368.5 376.5 1.04782994588216
0 0.204874208342517 369.0 392.0 1.03876304626465
0 0.220158958341926 373.5 409.0 0.954148991902669
0 0.236537333330489 380.0 421.5 0.811036554972331
0 0.255294791670167 395.0 437.5 0.786855189005534
0 0.267363458333421 407.5 444.5 0.782339604695638
0 0.286867583330604 431.0 452.5 1.05965817769368
0 0.303491458340432 451.0 456.5 1.19198443094889
0 0.324177708331263 472.5 458.0 1.19667218526204
0 0.336863749995246 493.5 453.5 1.23398526509603
0 0.354729916667566 513.0 444.0 1.29326082865397
0 0.370255250003538 530.0 431.0 1.36410102844238
0 0.386353708337992 540.0 420.0 1.46915766398112
0 0.404914124999777 551.0 403.5 1.66006952921549
0 0.420305458334042 554.0 394.0 1.74714991251628
0 0.436923208340886 553.5 380.0 1.80028610229492
0 0.45337058333098 546.0 368.0 1.96092834472656
0 0.470019041662454 534.5 356.5 2.14500071207682
0 0.487103291670792 518.5 345.5 2.19460652669271
0 0.503434833328356 502.0 335.0 2.15585149129232
0 0.523255791675183 484.5 324.5 2.14779179890951
0 0.538698000003933 472.5 317.5 1.9190668741862
0 0.55355658334156 455.0 308.5 1.37286084493001
0 0.564940875003231 448.5 306.0 1.27102266947428
0 0.565253749999101 444.5 304.0 0.0

