0 0.0 415.0 303.5 0.333333333333333
0 0.0237613749923185 420.0 295.0 0.433378092447917
0 0.0269641666673124 422.0 294.5 0.463796869913737
0 0.0367885416635545 427.0 294.0 0.632859166463216
0 0.0581893333292101 442.0 295.5 0.685988235473633
0 0.0703801250056131 452.5 299.0 0.663776524861654
0 0.0869757500040578 468.0 307.5 0.671654510498047
0 0.103665291666402 481.5 319.0 0.670826594034831
0 0.120914791667019 494.0 333.5 0.587636439005534
0 0.137157791657955 501.5 346.0 0.655219650268555
0 0.152527250000276 509.0 363.0 0.806466929117839
0 0.170793375000358 514.0 381.5 0.934120686848958
0 0.187517708327505 514.0 392.5 1.00045344034831
0 0.204243041662266 509.0 402.5 1.1449888865153
0 0.222217416667263 496.5 413.0 1.17116343180339
0 0.239034250000259 476.0 422.0 1.14456939697266
0 0.257823416672181 448.0 427.0 1.04298960367839
0 0.270948249992216 418.5 428.5 0.969366836547852
0 0.286811124999076 398.5 428.0 0.880888748168945
0 0.304448625000077 372.5 424.5 0.907949829101563
0 0.31815529166488 360.0 419.5 0.875839869181315
0 0.338864874996943 345.5 406.5 1.0486457824707
0 0.351089499992668 340.0 395.5 0.878251520792643
0 0.371156791661633 340.0 374.5 0.595337295532227
0 0.387714875003439 348.5 356.5 0.497475306193034
0 0.404166624997742 361.5 341.5 0.47190907796224
0 0.420778625004459 377.0 333.5 0.415790557861328
0 0.439435208332725 392.0 330.5 0.350423685709635
0 0.454586166670197 405.5 329.5 0.295846811930339
0 0.463203291670652 409.5 329.5 0.15821901957194
0 0.463407624993124 414.0 328.5 0.0

