0 0.0 323.5 253.5 0.333333333333333
0 0.0202730833407259 321.0 253.0 0.333333333333333
0 0.0310059166658903 319.5 253.0 0.555729166666667
0 0.0357351666752947 319.5 254.0 0.597395833333333
0 0.0697831666766433 322.5 268.5 0.290700912475586
0 0.0778878333367174 324.5 277.0 0.286381530761719
0 0.094613749999553 329.5 289.5 0.287697982788086
0 0.111604250007076 337.0 301.0 0.257305018107096
0 0.127879041669075 347.5 310.5 0.249917602539063
0 0.145929083344527 361.0 317.5 0.315729522705078
0 0.160795708332444 374.0 321.0 0.426594161987305
0 0.179088208344183 398.5 323.5 0.530220158894857
0 0.19200929166982 413.5 324.0 0.562041091918945
0 0.211312125000404 435.5 319.5 0.442034784952799
0 0.2279201666679 452.5 311.0 0.468508021036784
0 0.244592833332717 468.0 299.0 0.45906244913737
0 0.261260250001214 480.0 284.5 0.553475189208984
0 0.281957916668034 486.5 269.5 0.620231501261393
0 0.295409833343001 487.0 253.5 0.666876220703125
0 0.310902124998393 482.5 239.0 0.684166081746419
0 0.328986541673657 466.5 215.0 0.767572275797526
0 0.342024791665608 450.5 201.5 0.801071294148763
0 0.361610291671241 416.0 191.5 0.840399932861328
0 0.378006833343534 383.5 190.5 0.683551915486654
0 0.394457041664282 358.0 193.0 0.536708577473958
0 0.411420083342819 338.0 201.5 0.423275756835937
0 0.42877329167095 325.5 218.0 0.156788762410482
0 0.434204416669672 323.5 223.5 0.0

