0 0.0 385.5 289.0 0.333333333333333
0 0.0208766249998007 386.0 288.0 0.333333333333333
0 0.0249772916722577 386.5 286.5 0.333333333333333
0 0.0322919166646898 395.5 278.0 0.361010106404622
0 0.0408869166567456 401.5 274.0 0.314058176676432
0 0.0501053333282471 406.0 271.5 0.295193608601888
0 0.0683740416716319 414.5 267.0 0.353985468546549
0 0.0832960833213292 423.0 264.0 0.337833404541016
0 0.0987337499973364 431.0 263.0 0.326018142700195
0 0.115500624990091 438.0 265.0 0.276220703125
0 0.134458291664487 444.5 271.5 0.290265274047852
0 0.151123374991585 446.0 278.0 0.31719004313151
0 0.167560958332615 443.0 286.0 0.338433583577474
0 0.185391916660592 436.5 294.0 0.433695602416992
0 0.20353479165351 426.0 302.5 0.468016179402669
0 0.21927295831847 414.5 311.5 0.461281204223633
0 0.233302708336851 407.0 316.5 0.485917536417643
0 0.248928124987287 400.5 321.0 0.467389551798503
0 0.268780958314892 398.5 322.0 0.365523783365885
0 0.285793833318166 399.5 322.0 0.225921630859375
0 0.302419458312215 403.5 322.0 0.190375264485677
0 0.318502541660564 409.0 322.0 0.16377690633138
0 0.335437708330574 416.5 323.5 0.169435882568359
0 0.352373250003438 424.5 326.0 0.276019414265951
0 0.369000583334127 431.5 331.0 0.253116099039714
0 0.383281583315693 436.0 337.0 0.259981155395508
0 0.398921458312543 439.0 348.0 0.33020388285319
0 0.419164874998387 439.5 361.5 0.356953303019206
0 0.435809958318714 437.0 372.0 0.415147527058919
0 0.452169583324576 429.5 381.5 0.457406743367513
0 0.469147249998059 416.0 390.0 0.486745834350586
0 0.47711249999702 411.0 391.5 0.494270706176758
0 0.477483541646507 406.0 393.0 0.0

