0 0.0 386.0 288.5 0.333333333333333
0 0.0174081666627899 386.0 287.0 0.333333333333333
0 0.0258116250042804 386.5 285.0 0.333333333333333
0 0.0401964999909978 398.0 273.0 0.4390625
0 0.0466370416688733 405.0 268.0 0.402091725667318
0 0.0514329583384097 407.0 266.5 0.426105244954427
0 0.0695362083206419 417.5 259.5 0.429704411824544
0 0.0829027083236724 424.0 256.5 0.437590408325195
0 0.102884083316894 433.0 254.5 0.315116246541341
0 0.119538333325181 440.0 254.5 0.275027847290039
0 0.136499041662319 445.5 258.5 0.272550328572591
0 0.152885374991456 448.0 266.0 0.336522928873698
0 0.171594333340181 448.0 275.0 0.403025054931641
0 0.186420791666023 443.0 284.5 0.442370351155599
0 0.202461499982746 437.0 292.5 0.601623662312825
0 0.220849999983329 424.0 305.5 0.628807195027669
0 0.234472166659543 417.0 312.5 0.627108637491862
0 0.252879874984501 411.0 318.5 0.548939768473307
0 0.269563416659366 410.5 319.5 0.465943908691406
0 0.286351583315991 411.5 319.5 0.381299082438151
0 0.303172666666796 415.5 319.0 0.372136942545573
0 0.321202833321877 422.5 317.5 0.383142725626628
0 0.338098749984056 431.0 316.0 0.403613154093424
0 0.3513314583397 438.0 316.0 0.414581934611003
0 0.36956529165036 448.5 319.5 0.430774307250977
0 0.383054874982918 453.5 324.0 0.424838002522786
0 0.40288904166664 458.5 334.0 0.306610234578451
0 0.420354625006439 460.0 340.5 0.267128626505534
0 0.436440166668035 459.5 347.0 0.409533564249674
0 0.452992833335884 454.5 353.5 0.611138788859049
0 0.473411999992095 443.0 362.0 0.707377243041992
0 0.488011666660896 426.5 374.0 0.642920176188151
0 0.501092249993235 415.0 382.0 0.696538416544596
0 0.514708208327647 405.0 386.5 0.422901407877604
0 0.515067791653564 401.5 386.5 0.0

