0 0.0 386.0 314.5 0.333333333333333
0 0.0208539583254606 385.0 314.5 0.333333333333333
0 0.0331102083146106 383.5 312.0 0.608337529500325
0 0.0454024166683666 386.5 309.0 0.531335957845052
0 0.0501222083112225 388.0 307.5 0.522399775187175
0 0.0692642083158717 392.5 303.5 0.403239186604818
0 0.0821073749975767 401.5 296.5 0.336743927001953
0 0.100238666665973 411.5 290.5 0.31025021870931
0 0.111622791650007 421.0 285.0 0.267759195963542
0 0.131973583309446 436.0 278.0 0.214861297607422
0 0.14857091664453 446.5 275.0 0.231946436564128
0 0.16578245832352 453.0 275.5 0.298122024536133
0 0.181934458320029 457.0 281.0 0.379568990071615
0 0.202751166652888 457.0 287.5 0.452478535970052
0 0.217309208324878 454.0 292.0 0.461547088623047
0 0.231912583316443 448.5 298.0 0.50304921468099
0 0.249964416667353 434.5 312.5 0.651644515991211
0 0.265216541651171 424.0 323.5 0.722147115071615
0 0.281903041643091 417.5 331.5 0.592255783081055
0 0.298603583330987 415.5 333.5 0.440294011433919
0 0.315316833322868 416.5 334.0 0.393030166625977
0 0.332372333330568 421.0 332.5 0.346410878499349
0 0.352855583332712 427.5 330.5 0.313992563883464
0 0.365302166668698 434.0 329.0 0.328781890869141
0 0.381779874995118 439.5 329.0 0.324074172973633
0 0.398739666648908 449.0 330.5 0.35088144938151
0 0.411662999977125 454.0 334.0 0.337963612874349
0 0.435207749978872 459.0 343.5 0.287666702270508
0 0.445360208308557 460.5 352.5 0.313043340047201
0 0.4654183749808 458.0 370.0 0.438408788045247
0 0.481968416657764 451.0 384.0 0.50957285563151
0 0.499145249981666 440.5 396.0 0.610303751627604
0 0.515434666653164 428.0 405.0 0.629858907063802
0 0.533521166653372 418.0 407.5 0.525023905436198
0 0.541907666658517 415.0 406.5 0.0

