0 0.0 413.5 309.5 0.333333333333333
0 0.0184035833226517 413.5 309.0 0.333333333333333
0 0.0324690833222121 412.5 302.0 0.340398406982422
0 0.0379113749950193 413.0 301.0 0.331707509358724
0 0.0515480416652281 415.0 297.5 0.313118998209635
0 0.0574495833425317 416.5 294.5 0.290529505411784
0 0.0705057083396241 420.0 290.5 0.269248580932617
0 0.091686583327828 428.5 285.0 0.177344258626302
0 0.102502875000937 432.0 283.5 0.167499923706055
0 0.120790583343478 441.5 282.5 0.140938440958659
0 0.137809291656595 448.0 285.5 0.146733601888021
0 0.154569916659966 453.5 292.0 0.179072952270508
0 0.171435291675152 456.0 300.0 0.253107198079427
0 0.188056708342629 456.0 306.5 0.336231740315755
0 0.204555708332919 452.5 312.0 0.351495615641276
0 0.221751750010299 446.5 318.0 0.39596913655599
0 0.241748041677056 437.0 326.0 0.385166803995768
0 0.255495874996996 435.0 328.0 0.399051284790039
0 0.268637291679624 432.5 331.0 0.337749099731445
0 0.287846416671528 432.5 332.5 0.230531819661458
0 0.304586333339103 434.5 333.5 0.232828140258789
0 0.32116529167979 437.5 336.0 0.229800160725911
0 0.338179583341116 442.0 340.0 0.262520090738932
0 0.355694458325161 447.5 345.5 0.215581893920898
0 0.375545999995666 453.0 354.0 0.216991424560547
0 0.391544916667044 455.0 359.5 0.208466466267904
0 0.403232458338607 456.0 365.0 0.238008244832357
0 0.418583041668171 455.5 374.0 0.292024103800456
0 0.437530583323678 450.5 389.5 0.455286153157552
0 0.454921124997782 443.5 401.0 0.496238072713216
0 0.471011999994516 431.5 409.0 0.588605117797852
0 0.488068458333146 413.0 415.5 0.472834650675456
0 0.495830375002697 407.0 417.5 0.457653935750326
0 0.496160375012551 401.0 419.5 0.0

