0 0.0 387.5 309.5 0.333333333333333
0 0.0269433750072494 389.5 306.5 0.354166666666667
0 0.0378331250103656 392.0 304.0 0.4625
0 0.0460787499905564 398.0 300.0 0.450871785481771
0 0.0555085833475459 403.5 296.5 0.410835774739583
0 0.0601204583363142 407.5 294.0 0.404484430948893
0 0.0703803333453834 418.5 287.0 0.435844039916992
0 0.0911995416681748 437.5 278.0 0.327260589599609
0 0.103414708341006 448.5 275.0 0.243079121907552
0 0.120231083332328 462.5 272.5 0.234804280598958
0 0.136980708339252 474.5 273.5 0.262549591064453
0 0.153790624986868 483.5 279.0 0.279720052083333
0 0.17040299999644 484.5 290.0 0.357729721069336
0 0.187031458335696 476.0 302.5 0.41394157409668
0 0.203778791677905 463.5 314.5 0.443116251627604
0 0.220886374998372 439.5 334.0 0.522449366251628
0 0.233377833326813 427.0 344.0 0.567385482788086
0 0.253784041677136 417.0 353.0 0.346591186523438
0 0.27322195834131 416.0 354.0 0.175170135498047
0 0.290956000011647 418.5 354.0 0.0617731730143229
0 0.304149125004187 424.5 354.0 0.0723777770996094
0 0.320364874991355 433.0 354.5 0.163997395833333
0 0.337190499994904 441.5 358.0 0.283686701456706
0 0.353836583322845 447.0 362.5 0.301373418172201
0 0.373098291660426 452.0 372.5 0.36324208577474
0 0.384391833329573 453.0 379.0 0.388370132446289
0 0.404620166664245 449.5 392.0 0.600061798095703
0 0.420430208323523 441.0 402.5 0.685138066609701
0 0.437079833325697 424.5 413.0 0.652220789591471
0 0.453777124988846 400.5 428.0 0.585816828409831
0 0.470582583337091 379.0 442.0 0.354679361979167
0 0.472103083331604 371.5 447.0 0.0

