0 0.0 352.5 289.5 0.333333333333333
0 0.0248908750072587 355.0 282.0 0.177529907226563
0 0.0335338749864604 357.5 279.5 0.17357915242513
0 0.0462504166644067 365.5 272.5 0.302564875284831
0 0.0523509166669101 367.5 271.0 0.282759221394857
0 0.066183374990942 378.5 264.0 0.253229014078776
0 0.0824624166707508 389.0 258.5 0.204440434773763
0 0.0991370000119787 399.0 255.5 0.182161966959635
0 0.115746124996804 409.5 254.5 0.166333643595378
0 0.13328783333418 418.0 255.5 0.166905721028646
0 0.149833500006935 424.0 259.0 0.173366546630859
0 0.166299583332147 425.5 266.0 0.219703674316406
0 0.181884999998147 423.5 273.5 0.355034891764323
0 0.196558666677447 415.5 285.0 0.386795934041341
0 0.212814416678157 402.5 298.0 0.425046666463216
0 0.232763874984812 385.5 313.0 0.355894343058268
0 0.249068958335556 379.5 319.0 0.330022303263346
0 0.265768374985782 378.5 320.0 0.262173461914062
0 0.282481416652445 380.0 320.0 0.189631271362305
0 0.299078708339948 384.5 319.5 0.206917572021484
0 0.317127208341844 393.0 319.0 0.255586878458659
0 0.333956749993376 400.0 319.0 0.283976109822591
0 0.346593166672392 409.5 322.5 0.298189417521159
0 0.364922333334107 418.5 331.5 0.261866887410482
0 0.381450124987168 423.5 341.0 0.314134852091471
0 0.397888125007739 426.5 351.5 0.390875371297201
0 0.415747958322754 427.0 365.0 0.539197031656901
0 0.433420999994269 418.5 382.0 0.612718200683594
0 0.449792166677071 402.0 396.5 0.729094950358073
0 0.466166625003098 379.0 408.0 0.590351486206055
0 0.481874291668646 358.0 417.0 0.405304972330729
0 0.491019666660577 345.0 421.5 0.150758743286133
0 0.491420041653328 339.0 423.0 0.0

