0 0.0 399.5 330.5 0.333333333333333
0 0.0205039166612551 399.5 331.0 0.333333333333333
0 0.0332251250219997 398.0 328.5 0.318491999308268
0 0.0417248333396856 398.5 327.0 0.336426798502604
0 0.048122833337402 400.0 325.0 0.357396062215169
0 0.073190416675061 405.0 318.0 0.381707000732422
0 0.0861982500064187 411.5 312.0 0.407927449544271
0 0.103259916679235 419.0 306.0 0.374134826660156
0 0.119454583327752 429.0 300.0 0.318707529703776
0 0.135777749994304 437.0 296.0 0.293216323852539
0 0.153103458345868 446.0 293.0 0.280785115559896
0 0.168753583333455 452.5 292.5 0.271560541788737
0 0.186043833353324 457.5 296.5 0.313902155558268
0 0.202711333346087 459.0 303.0 0.36048100789388
0 0.219566250016214 457.5 310.5 0.34161491394043
0 0.235928916663397 453.0 318.0 0.353612263997396
0 0.253355374996318 445.0 327.5 0.429368209838867
0 0.272779250022722 433.0 341.5 0.439485804239909
0 0.287606708356179 425.5 349.5 0.418784459431966
0 0.306889333354775 420.0 356.0 0.366672770182292
0 0.316859208338428 420.0 356.0 0.410219319661458
0 0.336045541684143 425.5 354.5 0.509120559692383
0 0.352584583335556 432.5 352.0 0.488505172729492
0 0.36938962500426 440.0 350.5 0.460627873738607
0 0.387317333341343 447.5 351.0 0.378182220458984
0 0.407082333345897 456.5 355.0 0.308181381225586
0 0.420470208337065 461.0 360.0 0.235515848795573
0 0.435804166685557 464.0 366.0 0.20587158203125
0 0.450129500008188 465.5 377.5 0.201871744791667
0 0.46976120834006 464.0 391.0 0.373119862874349
0 0.485990208340809 458.0 404.0 0.427732721964518
0 0.502628041664138 448.0 415.5 0.519956715901693
0 0.521843791677384 435.5 423.5 0.539109929402669
0 0.535866874997737 421.0 429.0 0.382985305786133
0 0.543960166687611 417.0 430.5 0.361720021565755
0 0.544306499999948 412.0 432.5 0.0

