0 0.0 401.5 287.5 0.333333333333333
0 0.0211506666673813 400.0 288.0 0.333333333333333
0 0.0376835000060964 393.0 286.5 0.449104309082031
0 0.0490484166657552 392.0 285.5 0.437955093383789
0 0.0527587916876655 392.0 285.0 0.447402699788411
0 0.0787485416803975 394.5 281.5 0.356989415486654
0 0.0894187916710507 397.5 279.0 0.329237492879232
0 0.106187666679034 404.5 274.0 0.291903559366862
0 0.123383541678777 414.0 268.5 0.20931396484375
0 0.139405458350666 423.0 264.5 0.171170934041341
0 0.156413333344972 432.0 263.5 0.16972287495931
0 0.173244250006974 439.5 264.5 0.201853434244792
0 0.189876958349487 446.5 267.0 0.250367228190104
0 0.207149250025395 449.5 270.5 0.322618738810221
0 0.223172416677698 449.0 275.5 0.385105641682943
0 0.241086666675983 443.0 283.0 0.481580479939779
0 0.256579125009011 434.0 293.0 0.520492935180664
0 0.273224250006024 426.0 301.5 0.504121017456055
0 0.290284041693667 422.0 306.5 0.476368967692057
0 0.306555708346423 421.5 307.5 0.358670806884766
0 0.325447333336342 421.5 307.5 0.240435918172201
0 0.344093291671015 425.5 307.0 0.169183095296224
0 0.356661291676573 430.5 307.0 0.111897659301758
0 0.373095916671446 438.0 307.0 0.125250752766927
0 0.388426625024294 448.5 311.5 0.177877426147461
0 0.406563833355904 459.0 320.0 0.220520782470703
0 0.427366625022842 466.0 330.0 0.36092414855957
0 0.439712583349319 467.5 335.0 0.346775436401367
0 0.457254375010962 468.0 350.0 0.469982528686523
0 0.473150750010973 462.5 359.0 0.523285547892253
0 0.489858666667715 452.5 363.0 0.621121978759766
0 0.506873875012388 435.0 366.0 0.51827278137207
0 0.523154250025982 413.5 369.0 0.211961873372396
0 0.528420291666407 409.0 369.5 0.0

