0 0.0 378.5 294.0 0.333333333333333
0 0.0218639166851062 380.0 294.0 0.333333333333333
0 0.0362980416684877 394.0 283.0 0.380729166666667
0 0.0474197083385661 402.5 278.0 0.480729166666667
0 0.0557068750204053 407.5 275.0 0.450729624430339
0 0.0745334166858811 420.5 268.0 0.243355051676432
0 0.0908725833578501 430.0 263.5 0.264784113566081
0 0.107518708333373 438.5 262.0 0.239664713541667
0 0.128607833350543 446.5 265.0 0.225614293416341
0 0.141593333333731 449.5 269.5 0.215477879842122
0 0.158901541668456 450.5 280.0 0.250499979654948
0 0.173152666684473 448.5 288.5 0.247814051310221
0 0.190481083351187 441.0 302.5 0.377428309122721
0 0.20910129166441 433.5 311.0 0.45888926188151
0 0.224099458340788 428.0 316.5 0.522958246866862
0 0.241079333354719 424.5 320.0 0.522266387939453
0 0.257680041686399 421.0 322.5 0.518148803710938
0 0.274167833355023 417.5 325.5 0.444797643025716
0 0.290980791673064 416.0 328.0 0.395627593994141
0 0.311283625022043 416.5 330.5 0.276585388183594
0 0.328297833329998 422.5 333.5 0.179936218261719
0 0.338160458341008 426.0 335.0 0.148382822672526
0 0.354998458351474 434.5 337.5 0.142710240681966
0 0.3742797083396 446.0 343.0 0.193813959757487
0 0.390857250022236 452.5 350.5 0.188259251912435
0 0.407832458353369 457.5 358.5 0.198686599731445
0 0.428610625007423 459.0 369.0 0.195199330647786
0 0.440909083350562 458.0 374.0 0.268171691894531
0 0.457613166683586 449.5 383.0 0.3697509765625
0 0.473966916673817 439.5 389.0 0.53445078531901
0 0.491193666675827 418.5 398.5 0.594036865234375
0 0.507391791674308 407.5 401.5 0.635865147908529
0 0.515603125008056 400.5 402.5 0.451317977905273
0 0.515906875021756 397.0 402.5 0.0

