0 0.0 400.0 268.0 0.333333333333333
0 0.0200486249814276 397.0 267.0 0.326304117838542
0 0.0337152499996591 396.0 266.5 0.365067291259766
0 0.0413783333206084 395.5 266.0 0.387973785400391
0 0.0569056249805726 395.5 265.5 0.430421829223633
0 0.071560624986887 400.0 261.0 0.384299977620443
0 0.0883249999897089 406.0 256.0 0.317190170288086
0 0.103681916662026 411.0 252.0 0.279083633422852
0 0.122277624992421 422.0 246.5 0.241697311401367
0 0.134882999991532 429.5 244.5 0.222684605916341
0 0.154809375002515 440.5 243.5 0.235824203491211
0 0.171468291664496 448.5 245.5 0.242465972900391
0 0.188400374987395 454.0 248.5 0.294447962443034
0 0.204788541654125 456.0 251.5 0.355331420898438
0 0.221452791651245 455.5 255.0 0.421934509277344
0 0.238367999991169 452.0 260.0 0.506991322835286
0 0.254360458318843 448.5 264.0 0.512273152669271
0 0.268743583321339 445.0 268.5 0.525448862711589
0 0.288132208312163 441.5 272.5 0.49124755859375
0 0.30484154165606 440.5 274.5 0.400920995076497
0 0.322262916655745 440.5 276.0 0.27792854309082
0 0.338208375003887 442.0 278.5 0.221234385172526
0 0.355132750002667 447.0 282.0 0.202095794677734
0 0.374194666655967 453.0 285.5 0.209171040852865
0 0.388627458334668 459.5 291.0 0.206258392333984
0 0.403916666662553 463.0 296.5 0.281400807698568
0 0.418754583311966 465.0 305.0 0.299749374389648
0 0.438440416648518 463.0 315.5 0.44168815612793
0 0.455701708327979 457.5 324.0 0.53705088297526
0 0.469350083323661 451.5 332.5 0.608868789672852
0 0.488301083329134 439.5 346.0 0.58196652730306
0 0.504825083335163 426.5 353.0 0.423804601033529
0 0.509788958326681 423.0 353.5 0.0

