0 0.0 495.0 284.5 0.333333333333333
0 0.0171097083366476 494.5 284.5 0.333333333333333
0 0.0244123333541211 489.5 281.5 0.315104166666667
0 0.027690375020029 488.5 281.0 0.281770833333333
0 0.0651566666783765 481.0 279.5 0.626406606038411
0 0.0754522500210442 477.0 279.5 0.639745203653971
0 0.0947169583523646 468.0 280.0 0.663564427693685
0 0.111400458350545 457.5 280.5 0.652102915445964
0 0.128408541670069 446.0 281.0 0.528855514526367
0 0.144759916671319 434.0 284.5 0.508638636271159
0 0.165531625010772 421.5 290.0 0.490922292073568
0 0.181667583354283 417.0 292.5 0.513853327433268
0 0.197164333338151 414.0 293.5 0.627079137166341
0 0.211633750004694 412.5 294.0 0.749157842000326
0 0.225398666691035 412.0 295.0 0.776160176595052
0 0.244757833337644 411.5 302.0 0.709433873494466
0 0.261395125009585 411.0 312.0 0.690340677897135
0 0.281061458343174 409.5 322.5 0.810808308919271
0 0.298839416675037 406.5 334.5 0.851383845011393
0 0.311379166669212 404.5 341.0 0.889281845092773
0 0.328473500005202 403.5 346.5 0.914779917399089
0 0.34472375002224 403.0 349.0 0.88086420694987
0 0.362924708344508 403.5 350.0 0.887060674031576
0 0.375455791683635 405.0 349.5 0.875042978922526
0 0.394429708336247 408.5 344.5 0.725297037760417
0 0.411032416683156 415.0 336.5 0.598316828409831
0 0.427004500001203 421.0 332.0 0.551007461547852
0 0.444689625001047 430.0 329.0 0.480908075968424
0 0.461779041681439 441.5 328.5 0.5127503712972
0 0.48231308333925 459.0 336.5 0.454609553019206
0 0.497763541672612 468.0 344.0 0.393406295776367
0 0.508822250005323 476.5 353.0 0.349886703491211
0 0.525584750022972 483.5 362.5 0.351916122436523
0 0.545047749998048 487.0 373.0 0.717135238647461
0 0.561412708339049 484.0 380.0 0.921329752604167
0 0.578190916683525 477.0 385.0 1.13094952901204
0 0.598989208345301 460.0 390.0 1.13502756754557
0 0.611402291688137 448.0 393.5 0.861541366577148
0 0.628277333336882 436.0 398.0 0.806225967407227
0 0.633919791667722 432.5 399.0 0.593695449829102
0 0.634175458340906 428.0 401.0 0.0

