0 0.0 528.5 311.0 0.333333333333333
0 0.0243525416590273 527.0 311.0 0.333333333333333
0 0.0358694583410397 518.5 310.0 0.595330174763997
0 0.0458149999903981 517.0 310.0 0.665438461303711
0 0.05481829168275 514.5 309.5 0.691109848022461
0 0.0736052083375398 510.0 308.5 0.665528233846029
0 0.0901138749904931 505.5 307.5 0.719783147176107
0 0.111192874988774 500.0 305.5 0.812358983357747
0 0.123749916674569 496.5 304.0 0.844189198811849
0 0.140062208345626 493.0 303.0 0.882610066731771
0 0.156765291671036 487.0 301.5 0.888363265991211
0 0.173514750000322 481.5 301.5 0.851271820068359
0 0.190210083324928 477.0 302.0 0.682400258382161
0 0.207268541678786 468.5 306.5 0.517659632364909
0 0.223530083341757 462.5 310.5 0.491527303059896
0 0.240123916679295 459.5 313.0 0.593051020304362
0 0.257665791665204 459.0 314.5 0.678581619262695
0 0.274074791668681 459.0 318.5 0.694216537475586
0 0.290226999990409 459.5 325.0 0.75533816019694
0 0.306895374989836 460.0 338.5 0.827920532226562
0 0.320918500015978 460.0 344.5 0.797575887044271
0 0.34022591667599 459.0 352.5 0.783065795898438
0 0.356832541670883 458.5 355.5 0.752123260498047
0 0.375050875009038 458.0 357.5 0.743542353312174
0 0.390178958332399 458.0 358.0 0.74681282043457
0 0.406889083329588 458.0 358.0 0.787125651041667
0 0.426512958336389 458.0 358.0 0.796850204467773
0 0.439800916676177 459.5 357.0 0.763627624511719
0 0.458440874994267 469.0 349.5 0.740610885620117
0 0.47228124999674 476.0 345.5 0.707936731974284
0 0.489783541677753 488.0 344.5 0.494232686360677
0 0.508226166683016 498.0 345.0 0.463188171386719
0 0.523551458347356 508.5 349.5 0.405948384602865
0 0.540948958339868 518.5 360.5 0.371859868367513
0 0.55685420834925 526.5 380.0 0.436306381225586
0 0.573552791669499 528.5 404.5 0.569205983479818
0 0.590187208348652 524.0 421.0 0.589359029134115
0 0.609985000017332 510.0 437.0 0.955561065673828
0 0.620921083347639 498.5 443.5 1.15632400512695
0 0.64016825001454 476.5 448.0 0.816550572713216
0 0.651619000011124 467.5 448.0 0.73197758992513
0 0.651847958331928 463.0 448.0 0.0

