0 0.0 458.0 264.5 0.333333333333333
0 0.006074750010157 457.5 264.0 0.333333333333333
0 0.014414333330933 457.0 263.0 0.45311762491862
0 0.0221332499932032 455.5 262.5 0.554055786132812
0 0.032111458334839 454.5 262.5 0.571323267618815
0 0.0461139166727662 451.5 261.5 0.570750045776367
0 0.0625510416866746 447.5 260.5 0.599044418334961
0 0.0791462916822638 442.5 259.5 0.586302693684896
0 0.0963745416665915 435.5 260.5 0.536258443196615
0 0.112898458348354 424.5 264.0 0.455569839477539
0 0.128729000018211 414.0 267.5 0.428281021118164
0 0.143733583332505 399.0 273.5 0.340561803181966
0 0.159279958344996 386.5 278.0 0.350141525268555
0 0.180281875014771 375.5 282.0 0.498038991292318
0 0.193517625011737 371.0 283.5 0.570939254760742
0 0.212653208349366 365.5 286.0 0.589091491699219
0 0.229308958339971 363.0 288.0 0.545177586873372
0 0.246340416662861 361.5 291.0 0.479551315307617
0 0.263770541670965 361.5 295.0 0.483452987670898
0 0.280197833344573 361.5 299.5 0.465074412027995
0 0.295681833347771 361.5 308.0 0.589094543457031
0 0.312626041675685 361.0 320.5 0.730362955729167
0 0.329236708348617 361.0 332.5 0.752345403035482
0 0.345922875014367 361.0 342.5 0.803406397501628
0 0.362949708331143 361.5 347.0 0.814233016967773
0 0.383690000016941 363.5 348.5 0.763247934977214
0 0.396303125016857 365.5 348.0 0.736941274007161
0 0.412611875013681 370.5 343.0 0.644098536173503
0 0.428588958340697 376.0 336.5 0.621338272094727
0 0.44273608335061 385.0 329.0 0.374524434407552
0 0.462639041681541 398.0 325.0 0.395051193237305
0 0.479226499999641 410.5 329.5 0.430901972452799
0 0.496027125016553 423.5 341.5 0.495787175496419
0 0.512575083354022 435.0 357.5 0.558731079101562
0 0.529632374993525 444.5 375.0 0.585876719156901
0 0.546544041659217 448.5 388.5 0.60244140625
0 0.562595750001492 446.0 398.5 0.781073379516602
0 0.579232666670578 435.5 410.5 0.93878911336263
0 0.593261833331781 422.5 420.0 0.997862497965495
0 0.613146749994485 398.5 429.0 0.615102513631185
0 0.62923666666029 381.5 427.0 0.327567799886068
0 0.639151791663608 377.0 424.5 0.272056070963542
0 0.640616125019733 373.0 422.0 0.0

