0 0.0 504.5 277.0 0.333333333333333
0 0.00870533331180923 504.5 277.0 0.4
0 0.0154807499784511 503.0 276.5 0.466666666666667
0 0.0263062499871012 501.0 276.5 0.466666666666667
0 0.0463347916665953 495.5 278.0 0.437259292602539
0 0.0622926666692365 489.5 278.5 0.763418324788411
0 0.0777302499918733 484.0 279.5 0.773405838012695
0 0.0955405416607391 473.0 281.5 0.769007364908854
0 0.109163916669786 465.5 282.5 0.820806248982747
0 0.130568083317485 451.0 284.0 0.646227773030599
0 0.145660583337303 441.0 285.5 0.641593424479167
0 0.162281833327143 433.0 287.5 0.690106328328451
0 0.178864291665377 428.0 290.0 0.743479156494141
0 0.195533333317144 425.0 293.0 0.784461720784505
0 0.213399083324475 423.0 296.5 0.825888697306315
0 0.230383249989245 422.5 302.0 0.820546340942383
0 0.245927166659385 422.5 311.5 0.845234807332357
0 0.258928458322771 422.5 319.0 0.853668467203776
0 0.279014375002589 424.0 330.0 0.934970728556315
0 0.295906249986729 425.0 335.0 0.95562858581543
0 0.313136958313407 426.5 338.0 0.955437723795573
0 0.330712666647742 428.0 339.0 0.905633926391602
0 0.346032833331265 429.5 339.5 0.842763392130534
0 0.362229958322132 431.0 338.5 0.830162175496419
0 0.37752979164361 432.5 337.5 0.844168217976888
0 0.396931666648015 434.5 336.0 0.900606536865234
0 0.409911708324216 436.5 335.5 0.930692036946615
0 0.429009833314922 440.0 333.5 0.870476277669271
0 0.445249249984045 446.0 331.0 0.869591013590495
0 0.462531625002157 453.5 329.0 0.791699091593424
0 0.478919833316468 462.5 328.0 0.664261245727539
0 0.49556699997629 472.0 328.0 0.54218864440918
0 0.512246999976924 481.5 330.0 0.52446403503418
0 0.528049749991624 489.0 333.0 0.455581029256185
0 0.546887041651644 499.5 340.5 0.569541549682617
0 0.559940791659756 505.0 350.0 0.558152516682943
0 0.578535374981584 507.5 369.0 0.908109792073568
0 0.595595541642979 503.0 382.5 1.19146970113118
0 0.612261083326302 490.5 396.5 1.42760416666667
0 0.629217541660182 470.0 410.0 1.44115002950033
0 0.645585124992067 444.5 425.5 1.05030911763509
0 0.662339499976952 426.0 437.5 0.384623336791992
0 0.671031499980018 422.5 439.0 0.175644938151042
0 0.67154287500307 419.5 439.5 0.0

