0 0.0 477.5 290.0 0.333333333333333
0 0.0261043749924283 478.0 290.5 0.192923482259115
0 0.0329150833422318 478.0 290.5 0.171653874715169
0 0.0475017499993555 478.0 290.5 0.237798182169596
0 0.0726727500150446 478.0 290.5 0.446437199910482
0 0.0795299583405722 478.0 290.5 0.515429051717122
0 0.09649270834052 477.5 289.5 0.6121156056722
0 0.11290420833393 474.5 289.5 0.651621500651042
0 0.129569166660076 469.0 290.0 0.717506535847982
0 0.146236916654743 461.5 292.0 0.740889612833659
0 0.162932958337478 454.0 294.5 0.784691111246745
0 0.179937916662311 444.5 297.5 0.825441360473633
0 0.198792208335362 434.0 300.0 0.828130213419596
0 0.215998708328698 426.5 302.0 0.861714935302734
0 0.229239666659851 416.5 305.0 0.850886917114258
0 0.244470000005094 412.5 306.0 0.851989237467448
0 0.262730083341012 408.5 307.5 0.936786142985026
0 0.279665916663362 407.0 308.0 0.902636082967122
0 0.298794375004945 406.5 310.0 0.848746490478516
0 0.314922499994282 406.5 316.0 0.796695454915365
0 0.329722416674485 407.0 325.5 0.809492619832357
0 0.346370333340019 406.5 335.0 0.855175272623698
0 0.36287074998836 405.5 344.0 1.01967417399089
0 0.377664166677278 403.0 356.5 1.06625633239746
0 0.393087250005919 401.0 368.0 1.06423199971517
0 0.412997125007678 400.0 374.5 1.09593505859375
0 0.429627083329251 400.0 375.0 1.05377769470215
0 0.446384333336027 402.5 372.0 1.06659380594889
0 0.462987291655736 407.0 366.5 0.862499872843424
0 0.482902833347907 413.0 361.0 0.676877975463867
0 0.496537208324298 420.5 358.0 0.569998168945313
0 0.512914999999339 427.0 357.5 0.565624745686849
0 0.531028666679049 435.5 359.0 0.582571792602539
0 0.543648708349792 444.5 363.5 0.556851069132487
0 0.563473333342699 455.5 371.0 0.619191487630208
0 0.579723083326826 461.5 376.5 0.661005020141602
0 0.59632608332322 465.0 381.0 0.759742991129557
0 0.612958624988096 466.0 388.0 0.941588592529297
0 0.629761999996845 464.0 397.5 1.03143844604492
0 0.650266125012422 452.0 411.5 1.13126449584961
0 0.66383583334391 442.0 418.5 1.15671005249023
0 0.679701499990188 427.5 422.5 1.17327931722005
0 0.692702708329307 417.0 423.0 1.19562110900879
0 0.708035583345918 406.0 423.5 0.806845219930013
0 0.708678958326345 402.5 424.5 0.0

