0 0.0 491.5 266.5 0.333333333333333
0 0.000431874999776483 489.5 266.5 0.333333333333333
0 0.00732604166842066 485.5 266.0 0.440366617838542
0 0.0163814166444354 480.0 266.0 0.6046875
0 0.0293975416570902 475.5 265.5 0.713020833333333
0 0.0635848749952856 456.5 265.5 0.953125
0 0.080419833335327 447.0 266.0 0.9037415822347
0 0.0975249166658614 436.0 268.0 0.708137003580729
0 0.113858791650273 426.0 270.5 0.488829549153646
0 0.131710041663609 417.0 272.5 0.415256881713867
0 0.147247624990996 410.0 275.0 0.42324333190918
0 0.163941958337091 404.5 278.0 0.40531120300293
0 0.18039529165253 401.5 281.0 0.454064305623372
0 0.19638279164792 400.0 284.0 0.476235707600911
0 0.213249291642569 399.0 289.0 0.498855972290039
0 0.230528499989305 399.0 300.5 0.620948028564453
0 0.247125249996316 399.0 312.5 0.742840449015299
0 0.263994458335219 399.5 322.5 0.751467005411784
0 0.280485916649923 400.0 332.5 0.849342219034831
0 0.297119833325269 400.0 338.5 0.96527837117513
0 0.318065624975134 402.0 339.5 0.871548334757487
0 0.333719499991275 403.5 338.0 0.815476226806641
0 0.345365208311705 405.5 335.0 0.757152811686198
0 0.360200249997433 409.5 330.5 0.580875523885091
0 0.380664291646099 416.0 325.5 0.484274927775065
0 0.397100250003859 425.0 321.0 0.434385299682617
0 0.417065249988809 438.0 320.5 0.362608210245768
0 0.434983499988448 453.5 327.5 0.33549919128418
0 0.447115291666705 466.5 341.5 0.353963979085286
0 0.463830124994274 475.5 356.5 0.398353449503581
0 0.480869458318921 480.0 367.5 0.393844477335612
0 0.495586874982109 481.0 384.0 0.534782536824544
0 0.514158708334435 474.5 404.0 0.837738545735677
0 0.530524958332535 461.0 416.5 0.995410537719727
0 0.550324041658314 442.0 427.0 0.985627110799154
0 0.563831624982413 421.5 431.0 0.894791666666667
0 0.580472624977119 406.0 428.5 0.54715830485026
0 0.580796208319953 401.0 426.5 0.0

