0 0.0 505.0 247.5 0.333333333333333
0 0.016196458338527 505.5 247.5 0.333333333333333
0 0.0172896250151098 503.5 247.5 0.709572347005208
0 0.0224645416601561 502.5 247.5 0.751045862833659
0 0.0381624999863561 500.0 248.5 0.884379196166992
0 0.0545666250109207 496.0 249.5 1.03489583333333
0 0.0709758333396167 492.0 250.5 1.01770833333333
0 0.0857253750145901 485.5 252.0 1.00857620239258
0 0.104594041680684 475.0 255.0 0.869220606486003
0 0.121572125004604 464.5 258.0 0.77612190246582
0 0.138014833326451 453.0 262.0 0.700834019978841
0 0.154681499989238 442.0 265.5 0.657361857096354
0 0.171251749998191 432.0 271.0 0.655685424804688
0 0.188698250014568 424.5 275.0 0.728791936238607
0 0.205257666675607 419.0 278.0 0.802830251057943
0 0.221467333321925 415.0 282.0 0.85154546101888
0 0.236160000000382 413.0 287.5 0.888852183024089
0 0.251253458322026 410.5 298.0 0.975274022420247
0 0.27128337501199 408.0 312.0 1.00323944091797
0 0.28821108333068 406.0 324.0 1.11414782206217
0 0.304612666659523 405.0 330.0 1.13912353515625
0 0.3221916249895 404.5 334.5 1.23824183146159
0 0.341878125007497 404.5 338.5 1.25948994954427
0 0.35585091667599 405.0 339.5 1.17781054178874
0 0.371857708320022 407.0 338.0 1.15545845031738
0 0.386676750000333 412.0 333.0 1.05657196044922
0 0.401164791663177 419.0 326.0 0.942093022664388
0 0.420959958340973 429.0 318.0 0.911061859130859
0 0.437959791655885 438.5 314.5 0.88580207824707
0 0.455226708319969 450.0 314.0 0.89328982035319
0 0.471328958345111 464.5 319.0 0.810270055135091
0 0.487986041669501 481.0 331.5 0.690434265136719
0 0.504712124995422 493.0 345.5 0.693352762858073
0 0.52136479166802 498.0 353.5 0.642118581136068
0 0.536257875006413 500.5 358.5 0.786787033081055
0 0.5515137083421 499.5 361.5 1.10282821655273
0 0.571315458335448 489.5 368.0 1.44739163716634
0 0.587958916672505 473.5 376.0 1.31287956237793
0 0.604728291655192 456.0 384.0 1.16546986897786
0 0.621545750007499 439.5 390.5 0.760837809244792
0 0.637987291673198 428.0 394.0 0.305290603637695
0 0.638348916661926 424.0 395.5 0.0

