0 0.0 511.0 261.5 0.333333333333333
0 0.0204430833109654 510.5 262.0 0.333333333333333
0 0.0297165416413918 499.5 263.0 0.951566696166992
0 0.0339404999976978 498.5 263.0 0.976566696166992
0 0.0570984166406561 490.5 263.0 1.11614583333333
0 0.0737972916394938 483.5 263.0 0.995838801066081
0 0.0907018749858253 474.0 265.0 0.850428136189779
0 0.107755791657837 462.0 269.5 0.621937052408854
0 0.124015958310338 453.5 272.5 0.568043899536133
0 0.138950374996057 445.0 275.0 0.523442840576172
0 0.157522124995012 438.0 277.0 0.636765797932943
0 0.174062583304476 433.0 280.5 0.66443723042806
0 0.191022999992128 429.5 287.5 0.66840082804362
0 0.207491999986814 426.0 297.5 0.667832438151042
0 0.224044333328493 423.0 310.0 0.719189325968424
0 0.242160666646669 420.0 321.0 0.81791623433431
0 0.258661416650284 419.0 326.5 1.00346298217773
0 0.274479208310368 419.0 330.0 1.15964698791504
0 0.292380333325127 419.0 332.0 1.12133967081706
0 0.306953458319185 418.5 334.5 1.12415110270182
0 0.3246673749818 419.0 336.5 1.02802848815918
0 0.340741124993656 420.5 337.0 0.946161651611328
0 0.357578249997459 423.5 335.0 0.949499638875326
0 0.374207916640444 428.0 331.0 0.936447779337565
0 0.395045374985784 434.5 325.0 0.828589630126953
0 0.408302874973742 440.0 322.0 0.808119328816732
0 0.424124291661428 449.5 318.5 0.784894943237305
0 0.440734499978134 461.0 317.5 0.743938700358073
0 0.454808583308477 470.5 320.0 0.714543660481771
0 0.475001083308598 483.0 326.5 0.509996541341146
0 0.491111624985933 495.5 339.5 0.529980341593424
0 0.507528416637797 501.5 351.0 0.663223266601562
0 0.524068124999758 502.5 361.5 0.83838259379069
0 0.540732124994975 500.5 369.5 1.05042686462402
0 0.557722083322005 493.5 376.0 1.32864583333333
0 0.578350083320402 476.0 379.5 1.20658264160156
0 0.591558749991236 464.0 379.0 1.18583221435547
0 0.607004708319437 447.5 376.5 0.805851618448893
0 0.615701458329568 444.0 376.0 0.560618336995443
0 0.615865749976365 439.5 376.0 0.0

