0 0.0 475.5 276.5 0.333333333333333
0 0.0176305000204593 472.0 275.0 0.654170862833659
0 0.0251369583420455 470.5 274.5 0.667191696166992
0 0.031961875007255 469.0 274.0 0.733858362833659
0 0.0535964166629128 464.0 273.0 0.906775029500326
0 0.0704138333385345 458.0 272.5 0.9421875
0 0.0868912916630507 451.0 273.0 0.955861282348633
0 0.104405416670488 441.5 274.5 0.853745905558268
0 0.120489250024548 432.0 276.0 0.696449406941732
0 0.13659883334185 425.5 277.5 0.621618525187175
0 0.150985541666159 418.5 280.0 0.565771865844727
0 0.170840416685678 413.5 284.0 0.507789993286133
0 0.186995333351661 410.0 291.0 0.581654485066732
0 0.203961250022985 408.0 300.5 0.57517204284668
0 0.220228291669628 406.0 314.0 0.754246648152669
0 0.23700958333211 403.5 327.0 0.953349939982096
0 0.255190958356252 401.5 340.0 1.07876459757487
0 0.270339041686384 400.5 351.5 1.25097529093424
0 0.286604166671168 400.5 356.0 1.34841156005859
0 0.301204791670898 402.5 358.5 1.16084976196289
0 0.319787583342986 405.0 357.5 0.969370778401693
0 0.336983625020366 409.5 351.0 0.739829381306966
0 0.353601375012659 414.0 344.5 0.658983484903971
0 0.370744375017239 418.5 339.5 0.620034154256185
0 0.387119166669436 424.0 337.0 0.665148162841797
0 0.407735916669481 433.5 338.0 0.786651865641276
0 0.420370541687589 441.0 343.0 0.776383972167969
0 0.436970458336873 452.0 352.5 0.755094401041667
0 0.451304666668875 461.0 361.5 0.772046279907227
0 0.470367250003619 471.5 373.5 0.609623591105143
0 0.486990291683469 475.0 377.5 0.723919296264648
0 0.503921374998754 476.0 380.0 0.953060404459635
0 0.520293041685363 474.0 382.0 1.30874150594076
0 0.537424041685881 464.5 385.0 1.54791666666667
0 0.554901291674469 449.5 392.5 1.46217803955078
0 0.573852083354723 435.0 403.0 1.01868451436361
0 0.589913458330557 426.0 408.0 0.619569524129232
0 0.596692541672383 424.5 409.0 0.552115249633789
0 0.596895624999888 422.5 409.5 0.0

