0 0.0 541.5 274.5 0.333333333333333
0 0.00362900001346134 540.5 274.5 0.333333333333333
0 0.00574391667032614 539.0 273.5 0.333333333333333
0 0.0183137500134762 534.0 271.5 0.617444229125977
0 0.0247637083521113 532.0 270.5 0.718745803833008
0 0.0281901250127703 531.5 270.5 0.743745803833008
0 0.0331763333524577 530.5 270.0 0.785412470499674
0 0.0615055833477527 523.0 268.5 0.927210362752279
0 0.0619439583388157 521.5 268.0 0.935933303833008
0 0.0768526250030845 513.5 267.5 0.90328623453776
0 0.0937870833440684 504.5 268.0 0.79898312886556
0 0.110337375022937 495.0 270.5 0.656320190429687
0 0.127210541686509 476.5 277.0 0.551774470011393
0 0.141171499999473 466.0 281.0 0.46471799214681
0 0.160716500016861 452.0 285.5 0.661781183878581
0 0.17721850000089 444.5 286.5 0.730397669474284
0 0.194823708356125 439.0 288.0 0.745427958170573
0 0.210427208337933 435.5 290.5 0.638949966430664
0 0.228245916689048 434.0 296.5 0.581934356689453
0 0.244058416690677 434.0 308.5 0.611553955078125
0 0.258896625018679 434.5 320.0 0.695339075724284
0 0.280297874996904 435.5 339.5 0.711062876383464
0 0.293888791667996 434.5 352.0 0.778698857625326
0 0.310839666664833 433.5 358.0 0.868312962849935
0 0.327268916676985 433.5 360.5 0.852932612101237
0 0.343911041680258 433.5 360.5 0.748780568440755
0 0.360536624997621 434.0 360.5 0.731068929036458
0 0.377292583347298 438.5 355.5 0.66818593343099
0 0.395380791684147 446.5 348.0 0.574166615804036
0 0.410300708346767 454.5 344.0 0.497982915242513
0 0.427181666687829 470.5 344.5 0.425004450480143
0 0.443971250002505 486.5 354.0 0.447643788655599
0 0.460543458350003 501.5 367.0 0.493303044637044
0 0.481372250011191 515.5 384.5 0.539030329386393
0 0.493987666675821 519.0 393.0 0.648166529337565
0 0.51064945833059 517.0 402.0 0.948880132039388
0 0.527209791674977 507.0 410.5 1.19676208496094
0 0.543974500003969 491.0 418.0 1.37708333333333
0 0.560582083329791 478.5 421.0 1.29036102294922
0 0.579784291679971 459.5 421.0 0.949515533447266
0 0.589391166664427 455.5 419.5 0.933495203653971
0 0.591729666688479 452.0 418.0 0.0

