.VERSION 1.0 0
.HIERARCHY CHARACTER
.COORD X Y T
.SEGMENT CHARACTER
.X_POINTS_PER_INCH 2500
.Y_POINTS_PER_INCH 2500
.POINTS_PER_SECOND 1200

.WRITER_ID 5
.AGE 29
.SEX MALE
.HAND RIGHT
.SKILL GOOD
.STYLE NORMAL
.COUNTRY  

.WRITER_INFO
 WriterName:PANDRY
 WriterTrailNo:0
 WriterProfession:SOFTWARE

 WritingSetup:TABLETPC

 WritingFrequency:Rarely
 WritingInProfession:No
 WritingFile:dcpath
.PEN_DOWN
3763 418 17184
3750 426 0
3735 432 0
3717 440 0
3697 446 0
3676 451 0
3656 455 0
3629 458 0
3610 453 0
3586 450 0
3569 440 0
3550 430 0
3536 413 0
3521 397 0
3514 375 0
3511 352 0
3512 325 0
3514 296 0
3521 265 0
3540 233 0
3567 204 0
3596 176 0
3633 153 0
3674 134 0
3716 125 0
3764 124 0
3816 134 0
3865 156 0
3909 190 0
3951 232 0
3989 284 0
4017 347 0
4036 414 0
4043 491 0
4035 566 0
4011 644 0
3976 724 0
3927 807 0
3863 888 0
3788 965 0
3708 1037 0
3615 1104 0
3514 1164 0
3404 1215 0
3288 1252 0
3174 1278 0
3070 1292 0
2971 1292 0
2880 1283 0
2800 1264 0
2740 1235 0
2695 1203 0
2667 1164 0
2649 1126 0
2645 1088 0
2650 1051 0
2665 1019 0
2693 993 0
2729 973 0
2780 962 0
2840 958 0
2912 962 0
2995 974 0
3085 993 0
3182 1018 0
3285 1051 0
3391 1088 0
3494 1130 0
3599 1172 0
3700 1219 0
3801 1264 0
3899 1305 0
3999 1345 0
4098 1382 0
4193 1412 0
4289 1433 0
4376 1455 0
4460 1468 0
4531 1473 0
4587 1473 25396
.PEN_UP
