.VERSION 1.0 0
.HIERARCHY CHARACTER
.COORD X Y T
.SEGMENT CHARACTER
.X_POINTS_PER_INCH 2500
.Y_POINTS_PER_INCH 2500
.POINTS_PER_SECOND 1200

.WRITER_ID 5
.AGE 29
.SEX MALE
.HAND RIGHT
.SKILL GOOD
.STYLE NORMAL
.COUNTRY  

.WRITER_INFO
 WriterName:PANDRY
 WriterTrailNo:0
 WriterProfession:SOFTWARE

 WritingSetup:TABLETPC

 WritingFrequency:Rarely
 WritingInProfession:No
 WritingFile:dcpath
.PEN_DOWN
3908 730 2513
3919 716 0
3936 694 0
3955 671 0
3979 639 0
4002 610 0
4031 573 0
4061 540 0
4096 499 0
4126 464 0
4162 425 0
4192 392 0
4227 358 0
4258 327 0
4292 296 0
4325 269 0
4349 242 0
4382 219 0
4407 202 0
4433 189 0
4453 177 0
4472 175 0
4487 179 0
4496 190 0
4513 210 0
4517 237 0
4520 274 0
4523 323 0
4524 381 0
4522 452 0
4518 527 0
4512 610 0
4505 693 0
4498 777 0
4490 861 0
4480 944 0
4471 1019 0
4463 1088 0
4456 1149 0
4449 1204 0
4440 1254 0
4438 1296 0
4430 1333 0
4429 1362 0
4423 1384 0
4421 1405 0
4416 1420 0
4416 1433 0
4416 1444 0
4414 1454 0
4414 1463 0
4414 1472 0
4414 1480 0
4419 1480 0
4419 1485 0
4423 1482 0
4431 1475 0
4433 1466 15632
.PEN_UP
.PEN_DOWN
3754 1667 2513
3766 1672 0
3787 1671 0
3808 1675 0
3839 1675 0
3877 1680 0
3932 1679 0
3991 1681 0
4066 1678 0
4155 1676 0
4255 1667 0
4373 1658 0
4508 1646 0
4641 1633 0
4771 1619 0
4897 1607 0
5010 1604 0
5105 1606 0
5184 1611 0
5229 1624 17605
.PEN_UP
