0 0.0 468.5 583.0 0.333333333333333
0 0.016044125019107 465.5 582.5 0.396285883585612
0 0.0220275833562482 464.5 582.0 0.330204137166341
0 0.0275207500089891 463.0 580.0 0.306927108764648
0 0.0488473750010598 459.0 567.0 0.458665593465169
0 0.0658514999959152 456.5 546.0 0.65508550008138
0 0.0821289166633505 453.5 518.0 0.663317743937174
0 0.099693500000285 452.0 491.5 0.619475936889648
0 0.115748416690622 451.0 467.0 0.586612319946289
0 0.132241166662425 450.0 449.5 0.542474873860677
0 0.14668479168904 449.5 432.0 0.553929901123047
0 0.166044958343264 449.5 419.5 0.640961329142253
0 0.183891916676657 449.5 416.0 0.697791417439779
0 0.199205833341694 449.5 415.5 0.795367050170898
0 0.215951708349166 448.0 416.5 0.790081914265951
0 0.232803958351724 443.0 423.5 0.656534830729167
0 0.249242541671265 435.0 435.5 0.576312383015951
0 0.266349000012269 428.0 447.0 0.518494542439779
0 0.285435750003671 413.5 470.0 0.500446446736654
0 0.295630500011612 405.0 485.5 0.475183741251628
0 0.316167000011774 394.0 503.5 0.668725077311198
0 0.332563458330696 387.5 511.5 0.71005744934082
0 0.349190750013804 383.5 514.5 0.735342025756836
0 0.365828458336182 382.5 515.0 0.807755533854167
0 0.385084125009598 384.5 514.0 0.784589385986328
0 0.39961054167361 392.0 511.0 0.694685490926107
0 0.415807458339259 405.0 509.5 0.604475275675456
0 0.431673666666029 416.5 509.5 0.572959772745768
0 0.445617916673655 434.5 510.0 0.449673207600911
0 0.46542625001166 450.5 510.0 0.267210515340169
0 0.482793375005713 463.5 508.5 0.0562933603922526
0 0.483198166679358 466.5 508.0 0.0

