0 0.0 470.0 535.0 0.333333333333333
0 0.0141301249968819 470.0 534.5 0.333333333333333
0 0.0155861666717101 469.5 533.5 0.39296875
0 0.0211361666733865 464.0 522.0 0.627604166666667
0 0.0244212083343882 463.0 518.5 0.638543701171875
0 0.0496739999798592 459.0 496.5 0.659900029500326
0 0.0627591249940451 457.0 474.0 0.694468434651693
0 0.0794180833327118 456.0 451.0 0.612334187825521
0 0.0960662083234638 456.0 429.0 0.63177121480306
0 0.113390208338387 457.0 408.5 0.460763676961263
0 0.129611708340235 458.0 390.5 0.382816823323568
0 0.147828083339846 458.5 380.0 0.385596974690755
0 0.165883833338739 459.0 368.0 0.433291753133138
0 0.176824041671352 459.5 364.5 0.461804580688477
0 0.196098916669143 459.5 362.5 0.419071833292643
0 0.213015624991385 459.5 363.5 0.332742691040039
0 0.229379041673383 458.0 369.5 0.298806889851888
0 0.24607074999949 454.0 381.0 0.310133997599284
0 0.26311983334017 446.5 398.5 0.278965886433919
0 0.280190874997061 437.5 418.0 0.376061248779297
0 0.295797375001712 430.0 433.0 0.395574824015299
0 0.312731583340792 419.5 452.5 0.393664169311523
0 0.327146916650236 414.5 461.5 0.448822275797526
0 0.349689541646512 410.0 470.0 0.640614700317383
0 0.365867458313005 409.0 474.0 0.663011296590169
0 0.379852583340835 411.5 475.5 0.655946731567383
0 0.395991458324715 417.0 476.0 0.598842239379883
0 0.413467791659059 427.0 476.0 0.56825917561849
0 0.429552958317799 439.5 473.5 0.551471074422201
0 0.445952541660517 450.5 471.5 0.534009043375651
0 0.466802124981768 466.5 468.0 0.480051803588867
0 0.4767712916655 475.5 466.0 0.388162358601888
0 0.48274179166765 478.0 466.0 0.20357182820638
0 0.482986833318137 481.0 466.0 0.0

