0 0.0 415.5 468.0 0.333333333333333
0 0.0153535416757222 416.5 465.5 0.36771240234375
0 0.0188084583496675 416.5 465.0 0.401045735677083
0 0.0461559999966994 418.5 463.5 0.50709966023763
0 0.065233375004027 420.0 461.5 0.393006006876628
0 0.0817703750217333 421.0 458.5 0.446496200561523
0 0.0985264166665729 422.0 453.0 0.399706522623698
0 0.115351791668218 422.0 441.5 0.411368052164714
0 0.136347874999046 420.5 421.5 0.486386108398437
0 0.14864766667597 419.0 408.0 0.503931172688802
0 0.165250958350953 417.0 394.0 0.501583607991536
0 0.181818083336111 416.0 377.0 0.550585047403971
0 0.195915291667916 416.0 368.5 0.547385660807292
0 0.216496125009144 416.0 358.5 0.523291269938151
0 0.231887416681275 415.5 355.0 0.577663548787435
0 0.248556541686412 414.5 354.0 0.634556579589844
0 0.265177208348177 411.5 358.0 0.598971939086914
0 0.282296208344633 406.5 371.5 0.520714950561523
0 0.298891708342126 400.5 388.5 0.504077911376953
0 0.316211208351888 393.0 405.0 0.476914596557617
0 0.332180041674292 387.0 416.0 0.449431991577148
0 0.348208958341274 379.5 427.5 0.51736437479655
0 0.365459916676627 371.5 439.0 0.65197016398112
0 0.382161666668253 368.0 445.0 0.671478652954102
0 0.398519750015112 367.5 446.5 0.697625096638997
0 0.415284291666467 372.0 445.5 0.699360529581706
0 0.432444083329756 381.5 442.5 0.683773930867513
0 0.452463875000831 392.5 439.5 0.69150276184082
0 0.465625125012593 402.5 437.0 0.575910822550456
0 0.481880500010448 420.0 434.0 0.430219141642253
0 0.495417791680666 431.0 433.0 0.357720565795898
0 0.515274375007721 446.5 434.0 0.041040293375651
0 0.520430875010788 449.5 434.5 0.0

