0 0.0 436.5 564.5 0.333333333333333
0 0.0120031666592695 434.0 562.0 0.526041666666667
0 0.0174104999750853 432.0 560.0 0.620572916666667
0 0.0260244166420307 430.5 558.0 0.687953567504883
0 0.0449172499938868 427.0 547.0 0.903603744506836
0 0.0614717499993276 424.5 523.5 0.991060638427734
0 0.0781274583132472 424.5 490.5 0.980170313517253
0 0.0950377083208878 426.5 456.5 0.85931879679362
0 0.11192199998186 428.5 438.5 0.730364735921224
0 0.128174416662659 430.0 418.0 0.623104985555013
0 0.14338112497353 430.5 408.0 0.542281723022461
0 0.161478833324509 431.0 398.0 0.615917714436849
0 0.177810833323747 431.0 395.5 0.689343643188477
0 0.194838333321968 430.5 395.0 0.706385294596354
0 0.211528583313338 426.0 401.0 0.590299352010091
0 0.228161249979166 417.0 415.5 0.559973271687826
0 0.245158874982735 404.5 436.0 0.50428466796875
0 0.261420333321439 393.5 454.5 0.546145629882812
0 0.278648291656282 374.5 488.0 0.575739924112956
0 0.292285124975024 365.5 504.5 0.610624313354492
0 0.312298499979079 357.5 517.0 0.784787750244141
0 0.328217291651526 352.0 522.0 0.902089309692383
0 0.344855499977712 351.5 522.5 0.943998463948568
0 0.361900166666601 355.0 520.0 0.871810785929362
0 0.3781639583176 364.5 516.0 0.889488093058268
0 0.395345166645711 379.0 513.5 0.798996225992839
0 0.415115124982549 397.0 513.5 0.683280309041341
0 0.428944999992382 412.0 513.5 0.585617446899414
0 0.445203083305387 434.5 513.0 0.328163146972656
0 0.461527999985265 450.5 514.5 0.0951716105143229
0 0.466561833309243 454.0 515.0 0.0

