0 0.0 426.0 488.5 0.333333333333333
0 0.0150383750151377 424.0 488.0 0.366404088338216
0 0.0262068333395291 421.5 487.0 0.386977005004883
0 0.048125916684512 419.0 482.5 0.401330057779948
0 0.0747011250059586 417.0 463.5 0.5313720703125
0 0.0852952916757204 417.0 449.0 0.56912104288737
0 0.096899416676024 417.0 434.0 0.589214197794596
0 0.113622041681083 418.0 410.5 0.608805465698242
0 0.127562500012573 419.5 390.0 0.62459971110026
0 0.146851625002455 423.0 357.5 0.513152440388997
0 0.166300291661173 427.0 336.5 0.523956680297852
0 0.180141499993624 430.0 324.5 0.575929768880208
0 0.196923708339455 431.5 320.0 0.61015370686849
0 0.213650166668231 432.0 319.0 0.593040466308594
0 0.230562833341537 432.0 319.0 0.528004709879557
0 0.246752041683067 431.5 320.0 0.534315490722656
0 0.264500000019325 426.5 327.0 0.572875086466471
0 0.27893299999414 417.5 341.5 0.542646789550781
0 0.296901666675694 401.5 369.0 0.551652272542318
0 0.313493958325125 388.0 390.0 0.534992599487305
0 0.330840875016293 376.5 404.0 0.521013768513997
0 0.346959166665329 369.0 412.0 0.615597534179688
0 0.36347858334193 364.5 416.0 0.665925598144531
0 0.38056608333136 363.0 417.5 0.697415161132813
0 0.39680941667757 365.0 417.5 0.600546900431315
0 0.411801750015002 369.5 417.5 0.556440607706706
0 0.427531624998664 379.0 417.5 0.499932225545247
0 0.446966999996221 395.0 417.5 0.439742660522461
0 0.464751624997007 409.5 416.5 0.405924606323242
0 0.481425375008257 422.0 415.5 0.247643915812174
0 0.491843041672837 427.5 415.0 0.126108551025391
0 0.492200166685507 430.0 415.0 0.0

