0 0.0 449.5 491.5 0.333333333333333
0 0.0187155833409633 449.5 492.0 0.333333333333333
0 0.0331547500099987 445.5 493.5 0.53111686706543
0 0.0436627916642465 444.0 492.5 0.576292292277018
0 0.0620557499933057 441.0 482.5 0.520061620076497
0 0.0789854166505393 439.0 468.0 0.626290639241536
0 0.095412499998929 437.0 449.0 0.681416575113932
0 0.112030249991221 435.5 423.0 0.701294962565104
0 0.128710999997566 435.0 396.5 0.601428349812826
0 0.14548908334109 436.0 374.5 0.561582056681315
0 0.160747916670516 437.5 363.0 0.515515772501628
0 0.176652499998454 438.5 353.0 0.504010772705078
0 0.192766916676192 439.5 348.5 0.499664306640625
0 0.212086833344074 439.5 347.5 0.484539794921875
0 0.228697916667443 438.5 351.0 0.526999028523763
0 0.245724583335686 434.5 361.5 0.567784245808919
0 0.263907916669268 426.5 378.0 0.526538467407227
0 0.280395125009818 416.5 395.0 0.503391647338867
0 0.29466816666536 405.5 412.5 0.529168446858724
0 0.311891083343653 395.0 430.0 0.592712910970052
0 0.327795166667784 387.5 443.5 0.629661178588867
0 0.342216374992859 382.5 451.0 0.662649917602539
0 0.362071791663766 378.5 457.5 0.728766377766927
0 0.378993208345491 378.5 458.0 0.795864486694336
0 0.39537412498612 381.5 457.0 0.779090881347656
0 0.41304591667722 389.0 454.5 0.724418767293294
0 0.43322516666376 405.0 453.5 0.684295654296875
0 0.44324245833559 412.5 453.5 0.648385238647461
0 0.460433750005905 429.0 455.5 0.533210627237956
0 0.478718291677069 448.0 458.5 0.551318359375
0 0.495441625011154 461.0 458.5 0.433051681518555
0 0.512109500006773 474.0 458.0 0.17565066019694
0 0.520528791676043 477.0 458.0 0.124673716227214
0 0.520758375001606 479.5 457.5 0.0

