0 0.0 452.0 536.5 0.333333333333333
0 0.0166767499758862 452.0 535.5 0.333333333333333
0 0.0237154999922495 450.0 524.0 0.771929041544596
0 0.03182129166089 450.0 518.0 0.736549758911133
0 0.0527660416555591 449.5 501.0 0.732057952880859
0 0.0630574583192356 449.5 481.5 0.779383087158203
0 0.0822938333149068 450.0 446.5 0.595691808064779
0 0.099000583315501 451.5 421.5 0.490010197957357
0 0.115641499985941 453.5 397.5 0.353079223632813
0 0.132734624989098 455.0 379.0 0.280072784423828
0 0.153128333331551 456.5 364.5 0.317954762776693
0 0.168641124997521 456.5 359.5 0.429090245564779
0 0.186325999995461 456.0 355.5 0.492128117879232
0 0.198597958311439 455.5 355.0 0.540048980712891
0 0.213017791655147 452.5 356.0 0.542016220092773
0 0.232314833323471 446.0 365.0 0.515441385904948
0 0.248937291646143 438.0 378.0 0.510904693603516
0 0.265671291650506 426.0 397.0 0.501066207885742
0 0.2832341666508 413.0 419.5 0.502940114339193
0 0.299340750003466 401.0 442.5 0.584285100301107
0 0.316171458311146 390.5 464.0 0.64536870320638
0 0.332443999999668 383.5 479.0 0.707679112752279
0 0.348546458320925 380.5 484.5 0.754866536458333
0 0.36242545832647 379.0 487.0 0.856018447875977
0 0.382641124975635 380.0 487.0 0.801474761962891
0 0.398934833327075 386.0 486.0 0.727697118123372
0 0.415613291668706 397.5 485.5 0.735160700480143
0 0.432324875000631 413.0 486.0 0.724243545532227
0 0.448943249997683 430.0 487.5 0.725748570760091
0 0.468918083322933 447.5 488.0 0.66320546468099
0 0.482600458315574 462.5 488.5 0.494032541910807
0 0.498659166652942 473.0 488.5 0.245041910807292
0 0.507275291660335 480.0 488.5 0.0797767639160156
0 0.507553916657344 483.5 489.0 0.0

