0 0.0 447.0 540.5 0.333333333333333
0 0.0201038333470933 447.0 541.0 0.333333333333333
0 0.0363745416689198 443.0 541.5 0.586981201171875
0 0.0455357916653156 442.0 539.0 0.604717254638672
0 0.0550339166657068 441.0 536.0 0.605361684163411
0 0.0596633333479986 441.0 533.5 0.635143025716146
0 0.0649423750001006 440.5 528.0 0.583551915486654
0 0.0892195416672621 440.5 502.5 0.525638326009115
0 0.101789833337534 441.5 487.0 0.535365549723307
0 0.117485666676657 443.0 470.0 0.519413884480794
0 0.135626416682499 445.5 442.5 0.474671808878581
0 0.14936966667301 447.5 426.5 0.44455935160319
0 0.168694374995539 451.0 405.5 0.394673029581706
0 0.185422125010518 453.5 394.5 0.370502217610677
0 0.202041208336595 454.5 390.0 0.479413731892904
0 0.219149625016144 455.0 389.5 0.490836715698242
0 0.238430333323777 451.0 393.5 0.383880360921224
0 0.252200041664764 443.5 405.0 0.327466837565104
0 0.268721875007031 435.5 418.0 0.316497294108073
0 0.285357624990866 420.5 441.5 0.312241363525391
0 0.299460833339253 410.5 457.0 0.357422637939453
0 0.321051416656701 395.0 481.5 0.56086171468099
0 0.338037541660015 386.5 495.5 0.645480473836263
0 0.352076458337251 383.5 501.5 0.708713150024414
0 0.368727374996524 383.5 502.5 0.82621103922526
0 0.385759583325125 390.5 502.0 0.80309689839681
0 0.40215658332454 404.0 500.0 0.770693588256836
0 0.418777958344435 416.5 498.0 0.732387034098307
0 0.437727916665608 438.0 494.0 0.565007781982422
0 0.449369750014739 449.5 491.0 0.494970703125
0 0.46352779166773 460.0 489.5 0.234735997517904
0 0.463902208342915 463.0 489.0 0.0

