0 0.0 457.5 523.0 0.333333333333333
0 0.0217131249955855 457.5 524.0 0.333333333333333
0 0.0371701249969192 457.0 525.5 0.437771860758464
0 0.0449621249863412 456.5 525.5 0.52173220316569
0 0.0476332500111312 456.5 525.5 0.529869842529297
0 0.0694145000015851 453.5 518.5 0.581602350870768
0 0.0805844999849796 452.0 509.5 0.610432052612305
0 0.0980303333199117 449.5 493.5 0.726328277587891
0 0.116194458329119 446.5 464.0 0.677580897013346
0 0.132835875003366 445.0 439.5 0.524264780680339
0 0.149546833330533 445.0 420.5 0.43596674601237
0 0.167266291653505 446.0 407.5 0.381388727823893
0 0.184032416669652 446.5 402.5 0.424303817749023
0 0.199561624991475 446.5 401.0 0.476124827067057
0 0.215781833336223 446.5 401.0 0.48627560933431
0 0.230436291662045 445.5 403.0 0.494149780273437
0 0.249119541666005 441.5 411.0 0.533010482788086
0 0.266652166668791 431.0 427.0 0.487332026163737
0 0.282863666652702 421.0 442.0 0.486619440714518
0 0.299535291676875 409.5 460.5 0.507050959269206
0 0.316333249997115 399.0 479.0 0.50256462097168
0 0.332839208334917 392.5 490.5 0.513762537638346
0 0.352469999983441 390.0 494.0 0.523093541463216
0 0.36766016666661 389.0 495.0 0.729040654500326
0 0.381175291666295 390.5 493.5 0.837645594278971
0 0.399298125004862 399.5 489.0 0.698161443074544
0 0.416129624994937 413.0 484.5 0.643343226114909
0 0.433213749987772 430.0 480.5 0.539003626505534
0 0.449520875001326 447.5 477.0 0.445033518473307
0 0.470848583325278 465.5 475.0 0.114974975585938
0 0.476124708337011 468.5 475.0 0.0

