0 0.0 439.5 500.0 0.333333333333333
0 0.0230814999958966 435.5 495.5 0.315312576293945
0 0.0311922916735057 433.0 488.5 0.361257553100586
0 0.043148916651262 431.0 475.5 0.468465805053711
0 0.0496113749977667 430.5 470.5 0.505299886067708
0 0.0528419166512322 430.5 465.0 0.514601643880208
0 0.0706297500000801 430.5 439.5 0.556294123331706
0 0.0883689583279192 431.5 406.0 0.559714889526367
0 0.101275833323598 434.0 386.0 0.59446169535319
0 0.121350250003161 439.5 357.5 0.295609537760417
0 0.137922083318699 443.0 342.0 0.278136571248372
0 0.154606166674057 446.0 331.5 0.298666127522786
0 0.172649666666985 447.5 326.0 0.277555211385091
0 0.189811999996891 448.0 325.0 0.372891616821289
0 0.205207833321765 447.5 326.5 0.358306630452474
0 0.220655291661387 444.0 332.0 0.380158869425456
0 0.237956041673897 433.5 347.0 0.451170221964518
0 0.251317458314588 424.5 359.0 0.464777374267578
0 0.272169916657731 409.5 381.0 0.540195465087891
0 0.288241666654358 398.5 397.0 0.584420267740885
0 0.304641333321342 391.5 406.0 0.64609260559082
0 0.322157874994446 389.5 409.5 0.730976994832357
0 0.338397916668328 389.0 410.0 0.793790944417318
0 0.355700916668866 392.5 410.0 0.491062927246094
0 0.373074999981327 400.0 410.0 0.44182980855306
0 0.385350875003496 408.5 410.0 0.399912897745768
0 0.404700916667935 426.5 406.5 0.368539683024089
0 0.421686166664585 442.0 402.5 0.352747217814128
0 0.437971083330922 456.0 400.0 0.218104426066081
0 0.45002108332119 462.0 400.0 0.0739446004231771
0 0.450384875002783 464.5 401.5 0.0

