0 0.0 480.5 300.5 0.333333333333333
0 0.0209368333162274 480.5 299.5 0.333333333333333
0 0.0229450000042561 478.5 292.5 0.59817492167155
0 0.0308252499962691 478.0 288.0 0.651041666666667
0 0.0391603333409876 477.5 284.0 0.675516637166341
0 0.0583849583345 477.5 273.0 0.717533238728841
0 0.0756013749924023 476.0 264.5 0.665520477294922
0 0.0939576666569337 473.5 260.0 0.655368423461914
0 0.10808170834207 466.5 254.5 0.654568354288737
0 0.12505370832514 459.5 254.0 0.591545486450195
0 0.141405958333053 450.0 258.5 0.507492955525716
0 0.158126916649053 440.5 267.5 0.491538747151693
0 0.174795625003753 432.0 280.0 0.478152592976888
0 0.195567499991739 427.0 295.5 0.482366307576497
0 0.208398916671285 428.0 303.0 0.474317169189453
0 0.224702833336778 434.5 311.5 0.490915044148763
0 0.239815208333312 441.5 316.5 0.487845357259115
0 0.25439379166346 452.5 319.0 0.45130360921224
0 0.277576583321206 465.5 316.0 0.411060587565104
0 0.288787124998635 473.0 310.0 0.425695673624674
0 0.308168499992462 482.0 296.0 0.541806030273438
0 0.324696583324112 486.0 284.5 0.627128728230794
0 0.341602375003276 487.0 279.0 0.646399180094401
0 0.359619333321461 486.5 278.0 0.651278432210286
0 0.374595958332065 485.5 281.0 0.635889943440755
0 0.390484874980757 485.5 295.5 0.588132095336914
0 0.40548512499663 488.0 322.0 0.68065808614095
0 0.424975708330749 493.0 364.0 0.722023010253906
0 0.443980958341854 498.0 399.0 0.763916905721029
0 0.45851708331611 501.0 432.0 0.363535690307617
0 0.465945916657802 501.5 441.0 0.289060974121094
0 0.466680916666519 502.0 449.5 0.0

