0 0.0 479.0 311.0 0.333333333333333
0 0.0215650000027381 473.0 300.0 0.333333333333333
0 0.0322120416676626 469.5 297.0 0.553471501668294
0 0.0366316666768398 468.0 296.0 0.557276407877604
0 0.040327458322281 466.5 295.0 0.561081186930339
0 0.0454114166786894 465.0 293.5 0.60115114847819
0 0.0664881250122562 455.5 288.0 0.653098169962565
0 0.0822113750036806 446.0 286.5 0.668838628133138
0 0.0987580000073649 434.0 289.0 0.656414159138997
0 0.115774458332453 421.0 299.5 0.563440704345703
0 0.132740125001874 410.5 316.5 0.504473241170247
0 0.149053375003859 406.0 329.5 0.584064483642578
0 0.165851249999832 405.5 350.0 0.640204493204753
0 0.17987233333406 410.5 359.5 0.706332524617513
0 0.199162666656775 420.5 366.0 0.491068776448568
0 0.216107041662326 430.5 363.5 0.405522664388021
0 0.234759708342608 441.5 354.5 0.300012715657552
0 0.249228208325803 451.5 341.5 0.378535715738932
0 0.265782791655511 460.0 328.5 0.430510838826497
0 0.282600166683551 467.5 317.5 0.460323588053385
0 0.299095583322924 470.5 313.0 0.555896631876628
0 0.319321833347203 473.5 312.0 0.621142705281576
0 0.329147291660774 475.5 319.0 0.629721832275391
0 0.349154875002569 477.0 349.0 0.780775960286458
0 0.365821999992477 479.0 380.5 0.800939687093099
0 0.382732666679658 480.0 415.5 0.770115025838216
0 0.399097083340166 478.5 445.0 0.827784983317057
0 0.407035541662481 478.0 451.0 0.84420903523763
0 0.407415791676613 477.0 457.0 0.0

