0 0.0 484.0 441.5 0.333333333333333
0 0.0216907499998342 481.0 438.5 0.582733408610026
0 0.0354418749921024 480.0 435.5 0.521967061360677
0 0.0480849166633561 479.5 429.5 0.580403518676758
0 0.0571329166705254 479.5 421.5 0.657781600952148
0 0.0739033749850933 479.5 406.5 0.648917007446289
0 0.0905964166449849 479.5 390.5 0.650672276814779
0 0.106881249987055 480.5 368.5 0.502317555745443
0 0.123851083335467 482.5 343.0 0.400173314412435
0 0.137870791659225 483.5 330.5 0.352326838175456
0 0.157170708320336 484.5 316.5 0.504900232950846
0 0.176094083319185 485.0 311.0 0.652404657999675
0 0.194215541647281 484.5 309.0 0.786612065633138
0 0.207078416657168 484.0 308.5 0.794941202799479
0 0.224551249993965 482.0 308.5 0.693290456136068
0 0.240460624976549 478.5 309.5 0.645757166544596
0 0.256812166655436 475.5 310.0 0.587875366210938
0 0.276320166653022 470.0 310.0 0.75849723815918
0 0.288657875003992 466.5 309.0 0.813652928670247
0 0.307193249987904 459.0 305.0 0.658987553914388
0 0.323871999979019 452.5 301.0 0.60243657430013
0 0.340787124994677 446.5 298.5 0.56252187093099
0 0.357082333328435 438.5 298.5 0.594815190633138
0 0.378250499983551 428.0 305.0 0.664331181844075
0 0.391552333312575 421.5 312.5 0.675936889648437
0 0.407127666665474 413.5 326.0 0.716541417439779
0 0.421137916651787 409.0 337.0 0.732366561889648
0 0.436872499994934 405.5 350.5 0.834393310546875
0 0.457152291666716 407.5 360.0 0.981750869750977
0 0.477578166668536 415.5 362.5 0.906435902913411
0 0.49342708333279 426.5 362.5 0.708207702636719
0 0.507522125000833 439.0 358.5 0.534131876627604
0 0.52456383331446 453.5 351.5 0.200966135660807
0 0.529744625004241 457.0 349.0 0.0

