0 0.0 463.5 299.0 0.333333333333333
0 0.0184149999986403 461.0 298.5 0.333333333333333
0 0.0247134166711476 458.5 297.5 0.333333333333333
0 0.0338153750053607 443.5 291.0 0.293229166666667
0 0.0344913750013802 439.5 288.5 0.419563166300456
0 0.0394700833130628 437.5 287.0 0.425520324707031
0 0.0435333333152812 435.5 286.0 0.425815582275391
0 0.0626089999859687 426.0 281.0 0.462464269002279
0 0.0789714166603517 418.5 279.5 0.491289393107096
0 0.0955656666483264 411.5 280.0 0.496033223470052
0 0.112379708327353 406.5 284.0 0.458185323079427
0 0.129024041671073 404.5 293.5 0.346266301472982
0 0.144521458336385 405.0 306.0 0.340407689412435
0 0.163222291652346 412.5 331.5 0.36963259379069
0 0.175497833319241 418.5 343.5 0.370884195963542
0 0.195264999987558 431.5 348.5 0.267412312825521
0 0.212362374993972 443.0 343.5 0.260474141438802
0 0.229225541668711 453.0 333.0 0.252479680379232
0 0.245631124998908 460.0 322.0 0.237477366129557
0 0.262326083320659 465.0 315.0 0.308081944783529
0 0.278972916654311 467.0 313.0 0.403831990559896
0 0.294003624992911 467.5 315.5 0.417180252075195
0 0.31371358333854 466.0 331.0 0.57494379679362
0 0.326105708314572 464.5 346.0 0.639982223510742
0 0.345647958340123 461.5 377.5 0.604786936442057
0 0.362390916649019 460.0 406.0 0.447219212849935
0 0.374264499987476 460.0 421.0 0.213109079996745
0 0.375243624992436 460.0 428.5 0.0

