0 0.0 466.5 290.5 0.333333333333333
0 0.00597124997875653 463.0 289.5 0.333333333333333
0 0.0148930416617077 459.5 288.0 0.394529088338216
0 0.0227658333315048 455.0 287.0 0.497391637166341
0 0.0299449166632257 450.0 286.0 0.528125
0 0.054108999989694 432.0 284.0 0.606136957804362
0 0.0675130833114963 422.5 284.0 0.608445866902669
0 0.0829473749909084 410.5 285.5 0.579518763224284
0 0.0999049583333544 401.5 290.0 0.53189214070638
0 0.116412500006845 395.5 297.0 0.460299301147461
0 0.133181916666217 394.0 309.0 0.421716944376628
0 0.149524124979507 396.0 320.0 0.403257751464844
0 0.166836166667053 404.0 337.0 0.47141965230306
0 0.183168166666292 414.5 342.5 0.425365702311198
0 0.199782124982448 428.5 336.5 0.370450210571289
0 0.216458958311705 440.5 325.5 0.34229367574056
0 0.233204291667789 451.0 313.5 0.338560485839844
0 0.2517024166591 459.0 302.0 0.403568649291992
0 0.266386416653404 463.5 294.5 0.530444590250651
0 0.283231291658012 468.5 285.0 0.656317265828451
0 0.297235249978257 469.0 283.0 0.715653864542643
0 0.316501833323855 469.0 284.0 0.592875671386719
0 0.335384208330652 465.0 294.5 0.521312586466471
0 0.35265745833749 460.0 315.0 0.488813654581706
0 0.366487791645341 457.5 342.0 0.583283106486003
0 0.383180458331481 456.5 373.5 0.575895436604818
0 0.400069041672396 455.0 406.5 0.555616633097331
0 0.416571291658329 451.5 428.5 0.33398183186849
0 0.421741124999244 450.5 435.0 0.158105087280273
0 0.421974333323305 448.5 441.0 0.0

