0 0.0 490.0 296.0 0.333333333333333
0 0.0133446250110865 489.0 296.0 0.333333333333333
0 0.0213732499978505 479.5 292.5 0.333333333333333
0 0.0247854999906849 478.0 292.5 0.422488657633464
0 0.0286236249958165 476.5 292.0 0.457116317749023
0 0.0584639166772831 467.0 286.5 0.621240997314453
0 0.0588200000056531 465.5 286.0 0.619044621785482
0 0.0741877083492 458.5 282.0 0.517518361409505
0 0.0914255833486095 451.0 280.0 0.388712310791016
0 0.107746749999933 443.0 281.5 0.295604960123698
0 0.124852916662348 434.0 288.5 0.228904469807943
0 0.141119625011925 425.0 301.5 0.311777877807617
0 0.15719395832275 419.5 315.0 0.322551854451497
0 0.171961333340732 418.0 330.0 0.489934666951497
0 0.19271504165954 424.5 340.5 0.651399230957031
0 0.207763791666366 432.0 343.5 0.604371388753255
0 0.225699333328521 440.5 341.0 0.607466379801432
0 0.242364791658474 450.0 333.0 0.512864939371745
0 0.257475749996956 459.5 322.5 0.475031916300456
0 0.277519499999471 469.0 311.0 0.484483464558919
0 0.292498249997152 477.5 300.5 0.469275792439779
0 0.307280000008177 481.5 293.5 0.441382853190104
0 0.321868791681482 485.5 286.5 0.447017288208008
0 0.341173583321506 486.5 283.0 0.676283264160156
0 0.357714375015348 485.5 284.5 0.768050003051758
0 0.374495791678783 483.5 293.5 0.851439412434896
0 0.392450458341045 482.5 312.5 0.946689224243164
0 0.407826666662004 482.5 339.5 0.966493352254232
0 0.425140625011409 483.0 374.0 1.02613894144694
0 0.44105625001248 484.0 408.5 0.737719599405924
0 0.457850041682832 484.0 436.5 0.516232426961263
0 0.463666124996962 483.5 443.0 0.0

