0 0.0 494.0 308.0 0.333333333333333
0 0.00223841666593216 492.0 304.5 0.333333333333333
0 0.0285535416624043 486.0 297.0 0.438283284505208
0 0.040303625020897 482.0 294.0 0.513545862833659
0 0.0578772083390504 477.0 289.5 0.447717666625977
0 0.0768360000220127 469.0 286.0 0.46271603902181
0 0.0935273750219494 461.5 285.5 0.411418151855469
0 0.111298458330566 452.5 289.5 0.369759114583333
0 0.130924541677814 440.5 300.0 0.300634002685547
0 0.143791750015225 434.5 308.0 0.285456466674805
0 0.15958529166528 431.5 316.5 0.258172480265299
0 0.176836708327755 432.5 326.5 0.332569885253906
0 0.190186541673029 437.5 332.5 0.340867106119792
0 0.211159458354814 448.5 341.0 0.336717987060547
0 0.228679000021657 458.5 344.0 0.305614471435547
0 0.243842833355302 468.0 342.0 0.293030802408854
0 0.260155374999158 476.0 335.5 0.29025764465332
0 0.277222083328525 481.5 326.5 0.328303527832031
0 0.29366508332896 486.0 315.5 0.363842391967773
0 0.311092874995666 488.5 308.0 0.405187479654948
0 0.327111541671911 489.0 305.5 0.424832661946615
0 0.343638749996899 489.5 307.5 0.506885528564453
0 0.360492375009926 489.5 320.5 0.609266408284505
0 0.376844875019742 488.5 348.0 0.64470100402832
0 0.393568791681901 487.0 381.5 0.599575169881185
0 0.411078083328903 487.5 412.0 0.542108408610026
0 0.431099875015207 490.0 439.0 0.260606129964193
0 0.431983000016771 491.0 446.0 0.0

