0 0.0 489.5 322.0 0.333333333333333
0 0.018037000001641 489.0 321.5 0.333333333333333
0 0.0258532916486729 482.5 316.5 0.377604166666667
0 0.0295086666592397 481.5 315.5 0.385677083333333
0 0.0335837916645687 480.5 314.5 0.39375
0 0.055219333327841 475.5 307.0 0.566322199503581
0 0.0707533749809954 471.0 300.0 0.551274108886719
0 0.0873476666456554 465.0 293.0 0.54191157023112
0 0.104977708309889 456.5 288.0 0.521334838867187
0 0.121073708316544 447.5 285.5 0.50174446105957
0 0.137727291643387 437.5 285.5 0.523533630371094
0 0.154383208311629 427.5 291.0 0.55227902730306
0 0.171484833321301 418.5 301.5 0.558581288655599
0 0.187618999974802 413.5 312.5 0.608774820963542
0 0.204041208315175 410.5 326.5 0.639487457275391
0 0.218063499982236 413.0 340.0 0.633267466227214
0 0.237922874977812 423.5 351.0 0.50860481262207
0 0.254387041641166 435.5 353.0 0.426137161254883
0 0.274924500001362 447.0 347.5 0.347549311319987
0 0.290143083315343 459.0 337.5 0.338114547729492
0 0.304421791661298 468.5 326.5 0.348343912760417
0 0.321083624992752 476.0 317.5 0.406265004475911
0 0.338086124975234 480.0 311.5 0.420495096842448
0 0.352718666661531 483.5 307.5 0.552851867675781
0 0.370855124987429 485.0 309.0 0.603356552124023
0 0.387800874974346 486.0 326.5 0.62584711710612
0 0.404435291653499 485.0 354.0 0.703047561645508
0 0.421109499991871 484.5 384.5 0.741130447387695
0 0.441882999992231 485.0 411.0 0.679187647501628
0 0.454359166644281 485.0 428.5 0.314859263102214
0 0.454806499998085 484.5 434.0 0.0

