0 0.0 453.5 322.5 0.333333333333333
0 0.00072899999213405 449.5 318.5 0.333333333333333
0 0.0120197499927599 441.0 314.0 0.455208333333333
0 0.0263335416675545 435.0 312.0 0.506252034505208
0 0.0307198750087991 432.5 311.0 0.515628051757812
0 0.049406291655032 420.5 309.0 0.587196731567383
0 0.0660299999872223 410.5 311.0 0.591351445515951
0 0.0821094583370723 402.5 315.5 0.597267150878906
0 0.0967077916720882 392.5 325.0 0.606273523966471
0 0.116415249998681 384.0 340.5 0.454518254597982
0 0.133019083325053 382.5 352.0 0.400963973999023
0 0.149764000001596 387.0 366.5 0.434104919433594
0 0.16658358334098 396.0 381.0 0.49134407043457
0 0.183458958345 405.5 388.0 0.398177973429362
0 0.19973162500537 417.0 384.5 0.361761983235677
0 0.21888616666547 428.5 373.5 0.323692321777344
0 0.232944041665178 436.0 362.0 0.366605504353841
0 0.249654499988537 445.0 344.5 0.422103754679362
0 0.26374962500995 449.0 336.0 0.486706161499023
0 0.283018833346432 453.0 328.0 0.595218149820964
0 0.302536583330948 454.5 327.0 0.607244110107422
0 0.319381583336508 456.5 331.5 0.519071451822917
0 0.333046708343318 456.5 346.0 0.58890126546224
0 0.349962416657945 455.5 370.5 0.630387242635091
0 0.366529666673159 454.0 407.0 0.579823303222656
0 0.382988375000423 453.5 440.5 0.409150314331055
0 0.399515625002095 454.0 482.5 0.183942413330078
0 0.408204958337592 454.5 491.0 0.0758790334065755
0 0.408432416676078 455.5 501.0 0.0

