0 0.0 498.5 343.0 0.333333333333333
0 0.0215783750172704 497.0 341.5 0.333333333333333
0 0.0416292083391454 483.5 329.0 0.30977528889974
0 0.0581637916911859 474.0 323.0 0.373825963338216
0 0.07438504169113 465.0 320.0 0.407294718424479
0 0.09320608334383 456.0 319.5 0.408419545491536
0 0.104814250022173 441.5 323.5 0.392663955688477
0 0.124193249997916 424.5 334.5 0.292520014444987
0 0.140796458348632 416.0 342.5 0.349068196614583
0 0.157561125000939 413.0 348.5 0.403275044759115
0 0.174476625019452 416.5 354.5 0.451495742797852
0 0.195341208338505 427.5 363.0 0.507144546508789
0 0.211380541673861 439.5 368.0 0.445590972900391
0 0.224209166684886 448.5 368.5 0.383606592814128
0 0.240271625021705 457.0 366.0 0.330526479085286
0 0.257719500019448 469.5 354.0 0.269447326660156
0 0.274138958338881 476.5 341.0 0.287075424194336
0 0.29075620835647 481.5 331.0 0.348751958211263
0 0.311146083346102 484.0 326.0 0.422409184773763
0 0.324047000001883 485.0 330.0 0.351070149739583
0 0.341131583350943 483.5 353.5 0.441090774536133
0 0.358236333355308 479.0 391.0 0.625365320841471
0 0.374202791688731 479.0 428.0 0.732016245524089
0 0.39076391668641 483.0 459.5 0.739983495076497
0 0.404221291682916 488.5 479.0 0.84246571858724
0 0.417102375009563 489.5 484.0 0.0

