0 0.0 388.5 302.0 0.333333333333333
0 0.0262713333358988 387.5 302.5 0.333333333333333
0 0.0340159166662488 380.5 300.0 0.591145833333333
0 0.0417252916668076 380.0 299.0 0.6578125
0 0.0494878749886993 380.0 297.0 0.67890625
0 0.074701333331177 382.5 288.5 0.544606526692708
0 0.0887797916657291 386.0 284.0 0.603186162312826
0 0.104313166666543 391.0 278.5 0.381834157307943
0 0.120844291668618 397.0 275.5 0.257446161905924
0 0.13743699999759 404.0 274.5 0.205906550089518
0 0.154100083338562 411.0 277.0 0.205146408081055
0 0.172021291655255 416.0 279.5 0.254841868082682
0 0.190512625005795 422.0 283.5 0.299942143758138
0 0.201472041662782 424.5 286.5 0.360427983601888
0 0.220892124983948 425.5 294.0 0.555758539835612
0 0.237304333335487 424.0 303.5 0.630681482950846
0 0.253979083325248 419.5 315.5 0.689639663696289
0 0.274469875002978 413.5 327.0 0.66728998819987
0 0.291843999992125 402.5 341.5 0.617327372233073
0 0.304188791662455 393.5 353.5 0.586637369791667
0 0.320846083341166 386.0 363.5 0.518971125284831
0 0.337341083330102 376.0 375.0 0.464179611206055
0 0.351911458332324 373.0 378.0 0.463569005330404
0 0.373812874982832 372.0 379.0 0.689723078409831
0 0.390366916661151 372.0 379.0 0.724470011393229
0 0.404010875005042 372.5 378.0 0.654410934448242
0 0.420887291664258 376.0 376.0 0.642322158813477
0 0.438713874988025 384.0 371.5 0.632021331787109
0 0.454373208340257 397.5 365.0 0.666363016764323
0 0.470811000006506 408.5 360.5 0.657781600952148
0 0.488804249995155 423.0 357.5 0.566607666015625
0 0.501408916665241 431.0 357.0 0.560191090901693
0 0.521350875002099 443.5 356.0 0.285294469197591
0 0.527098374994239 447.0 355.0 0.0

