0 0.0 390.0 295.0 0.333333333333333
0 0.0196031666710041 391.5 289.5 0.0
0 0.0362444999918807 392.5 287.5 0.0
0 0.0464583749999292 399.0 280.0 0.466150029500326
0 0.0513127916492522 400.5 278.5 0.435414759318034
0 0.0719790416478645 410.0 270.5 0.35200564066569
0 0.088579708331963 418.5 263.5 0.297208913167318
0 0.105047624994768 426.5 258.0 0.230322011311849
0 0.12246308333124 434.0 255.0 0.257625961303711
0 0.138642166653881 441.0 254.5 0.293225479125977
0 0.15476816665614 445.5 256.5 0.311333719889323
0 0.175503916660091 450.5 267.0 0.320745849609375
0 0.186325874994509 451.5 276.5 0.331303532918294
0 0.205057291663252 450.0 291.0 0.338258997599284
0 0.221783666667761 444.5 302.5 0.420954259236654
0 0.238934583321679 436.0 317.0 0.455598576863607
0 0.255132416670676 424.0 333.0 0.45389887491862
0 0.275862708338536 407.0 357.0 0.460335540771484
0 0.292422666650964 395.5 375.5 0.482658513387044
0 0.304729416646296 392.0 381.0 0.487064615885417
0 0.319113874982577 387.5 387.5 0.64246203104655
0 0.338747500005411 385.0 391.0 0.718524805704753
0 0.355095583334332 384.5 392.5 0.62709223429362
0 0.371706833335338 385.5 393.0 0.55733159383138
0 0.392013541655615 391.0 392.5 0.575257237752279
0 0.405492458317894 400.5 388.5 0.533702596028646
0 0.422595999989426 411.5 383.0 0.608438364664714
0 0.438571583334124 423.0 378.0 0.525849533081055
0 0.455087249982171 432.5 374.5 0.480256525675456
0 0.468157291645184 439.5 374.0 0.454704793294271
0 0.492881999991369 451.5 376.5 0.192245229085286
0 0.493742833321448 454.0 378.0 0.0

