0 0.0 387.0 318.5 0.333333333333333
0 0.00639424999826588 387.0 315.0 0.333333333333333
0 0.0156647500116378 388.5 309.5 0.318229166666667
0 0.0290161666634958 391.5 305.0 0.421571477254232
0 0.0455649583309423 399.5 295.5 0.529883193969727
0 0.0667257916647941 407.0 288.0 0.503679784138997
0 0.0795365833328106 414.5 283.0 0.549735514322917
0 0.092552791669732 419.0 282.0 0.500880559285482
0 0.116094541677739 426.5 284.5 0.202033615112305
0 0.1296596666798 431.5 293.0 0.205326080322266
0 0.146190708328504 432.5 307.0 0.165178807576497
0 0.167198333336273 426.5 321.0 0.348102569580078
0 0.183810916671064 417.0 333.0 0.567168045043945
0 0.196485958324047 406.0 346.0 0.662847646077474
0 0.211568916682154 395.0 360.0 0.729749552408854
0 0.22968362501706 386.5 373.0 0.821603647867839
0 0.246224333328428 385.0 376.5 0.839352798461914
0 0.263248125003884 385.0 376.5 0.664317576090495
0 0.281237666669767 390.0 373.5 0.664160283406576
0 0.296253250009613 399.0 368.0 0.642514928181966
0 0.313124708336545 408.0 364.5 0.607066853841146
0 0.330570333346259 417.0 361.5 0.587761433919271
0 0.346390249993419 426.5 358.5 0.568426640828451
0 0.362577708350727 434.0 356.5 0.397075398763021
0 0.363504625012865 436.5 355.5 0.0

