0 0.0 399.5 311.0 0.333333333333333
0 0.0313468333333731 399.5 310.5 0.333333333333333
0 0.0325134583399631 403.5 303.0 0.460416666666667
0 0.0375452916778158 406.5 301.0 0.411875025431315
0 0.0637002916773781 415.0 295.0 0.338757832845052
0 0.0750331250019372 422.5 291.0 0.301401646931966
0 0.0950262500264216 433.5 286.5 0.232386144002279
0 0.111732583347475 441.5 285.0 0.225366465250651
0 0.130586541694356 448.0 286.0 0.207586924235026
0 0.144690541666932 451.0 290.5 0.192122522989909
0 0.161299041676102 452.0 297.0 0.218730163574219
0 0.178213666687952 450.5 306.5 0.306583404541016
0 0.19507437502034 446.0 315.0 0.32276357014974
0 0.212467041681521 436.0 327.5 0.408990732828776
0 0.228018291672925 424.0 340.5 0.440677134195964
0 0.24471466668183 409.5 356.5 0.522497049967448
0 0.261704166681739 400.5 366.5 0.594051615397135
0 0.278011833346682 397.0 371.5 0.604694112141927
0 0.294557708344655 395.5 374.0 0.556486002604167
0 0.311645958339795 395.5 374.0 0.491510391235352
0 0.328258083347464 395.5 374.0 0.43188845316569
0 0.345415958348894 398.0 373.5 0.43954226175944
0 0.362473625020357 402.5 371.5 0.419125239054362
0 0.37605312501546 410.0 368.5 0.479101435343424
0 0.394735708337976 422.0 364.5 0.496396128336589
0 0.411789375008084 433.0 361.5 0.511973571777344
0 0.429506291693542 443.0 359.5 0.428009160359701
0 0.444634333340218 452.5 358.5 0.318201446533203
0 0.461514583352255 460.0 358.5 0.163351694742839
0 0.46221533336211 462.5 358.5 0.0

