0 0.0 418.0 325.0 0.333333333333333
0 0.0188130000024103 418.0 325.5 0.333333333333333
0 0.0199977083539125 417.5 325.5 0.166666666666667
0 0.0328057500009891 416.0 322.5 0.466261800130208
0 0.0407479166751727 416.0 321.5 0.484379196166992
0 0.0551802083500661 416.0 320.0 0.440852864583333
0 0.0693628750159405 417.5 317.0 0.512023544311523
0 0.0874027916870546 425.0 309.0 0.447241846720378
0 0.101223208330339 432.0 303.0 0.39849967956543
0 0.120805999991717 444.5 294.5 0.249711354573568
0 0.137372124998365 453.5 290.0 0.227574793497721
0 0.154060625005513 462.0 289.0 0.200236002604167
0 0.170823833352188 470.0 290.5 0.199941380818685
0 0.18958725000266 476.0 296.0 0.234778722127279
0 0.204513958335156 479.5 303.5 0.22880376180013
0 0.220766291662585 479.5 313.0 0.268571980794271
0 0.234299916686723 475.0 324.5 0.274733098347982
0 0.250781208334956 462.0 343.5 0.34365971883138
0 0.271895750018302 442.5 368.5 0.293228276570638
0 0.287751833326183 428.5 387.5 0.32352549235026
0 0.304090708348667 418.5 401.0 0.387394205729167
0 0.320781000016723 413.0 409.5 0.390200042724609
0 0.338233500020579 409.5 415.5 0.361180114746094
0 0.355286583333509 407.0 419.0 0.302550633748372
0 0.37110966668115 406.5 420.0 0.287668609619141
0 0.387746041669743 406.5 420.0 0.330510711669922
0 0.400883708352922 408.5 420.0 0.328940200805664
0 0.420763958332827 417.5 418.5 0.44419314066569
0 0.437713833351154 427.5 416.0 0.464920552571615
0 0.455043333349749 437.5 414.0 0.430205917358398
0 0.474716666678432 448.5 412.0 0.330691146850586
0 0.488748166681034 459.0 412.0 0.229576619466146
0 0.493312916660216 462.0 413.0 0.0

