0 0.0 417.0 313.5 0.333333333333333
0 0.0352874583331868 413.0 313.5 0.360939534505208
0 0.0537701666762587 411.0 312.0 0.347548166910807
0 0.0633452083275188 411.0 311.5 0.344830067952474
0 0.0796250416606199 411.0 308.0 0.388735580444336
0 0.101387916685781 417.5 300.0 0.421457799275716
0 0.112427125015529 425.0 293.0 0.482541147867839
0 0.131693250004901 437.0 283.5 0.45934575398763
0 0.15139029166312 445.5 278.5 0.425532404581706
0 0.167873791680904 453.0 276.0 0.413226318359375
0 0.181552499998361 460.0 277.0 0.383785502115885
0 0.198146625014488 465.5 281.5 0.349028142293294
0 0.214976416667923 468.5 288.5 0.374057133992513
0 0.231563916662708 469.0 296.0 0.396048227945964
0 0.250406750012189 463.5 311.5 0.434775161743164
0 0.264805416663876 455.5 322.0 0.478317260742188
0 0.281633625010727 438.5 342.5 0.546760686238607
0 0.298212749999948 422.0 361.0 0.499452336629232
0 0.315065208327724 405.5 381.0 0.441427485148112
0 0.331837583333254 394.0 395.5 0.500343195597331
0 0.34818904165877 386.5 406.0 0.608230590820312
0 0.36904166667955 383.0 413.0 0.669368108113607
0 0.381389624992153 382.5 414.5 0.701244862874349
0 0.398357416677754 382.0 415.0 0.663128280639648
0 0.412399583350634 384.0 414.5 0.627123514811198
0 0.43163420833298 392.5 410.0 0.681626510620117
0 0.451130791683681 402.5 405.5 0.702532958984375
0 0.465159500017762 415.5 400.0 0.712223688761393
0 0.481760041671805 429.0 395.0 0.707062784830729
0 0.499411750002764 441.0 391.0 0.669020843505859
0 0.5187998333422 453.5 388.5 0.607500203450521
0 0.531529458326986 458.5 388.5 0.596523793538411
0 0.53985508333426 463.0 388.5 0.275035095214844
0 0.540378333331319 465.5 388.5 0.0

