0 0.0 390.5 302.5 0.333333333333333
0 0.0323368750105146 388.5 300.0 0.553908284505208
0 0.0387851666600909 388.5 299.5 0.577604166666667
0 0.0514513333328068 388.5 297.5 0.624479166666667
0 0.0699637916695792 393.5 287.5 0.684774525960286
0 0.0866139999998268 401.5 276.5 0.59078254699707
0 0.104326458327705 408.5 268.0 0.548056157430013
0 0.121142499992857 415.0 261.0 0.357244745890299
0 0.133306083327625 419.5 257.5 0.27377675374349
0 0.153561874991283 427.0 257.5 0.312099838256836
0 0.170160708337789 432.0 263.5 0.322632726033529
0 0.186603208334418 434.0 274.5 0.451940790812174
0 0.203561000002082 433.5 289.0 0.519609832763672
0 0.220290041674161 430.0 301.0 0.646817398071289
0 0.236869874992408 425.0 311.5 0.714104715983073
0 0.253562458325177 418.5 322.0 0.737320836385091
0 0.267160249990411 412.5 331.0 0.772728856404622
0 0.286674041679362 399.5 345.5 0.620024744669596
0 0.303805416682735 391.0 356.5 0.528205998738607
0 0.320094624999911 386.0 362.5 0.536279424031575
0 0.336871000006795 384.0 364.0 0.560766983032227
0 0.353621958347503 383.5 363.5 0.55996831258138
0 0.369980833347654 383.5 363.0 0.607628377278646
0 0.38705662501161 384.5 362.0 0.620571517944336
0 0.402980874991044 387.0 361.0 0.590191396077474
0 0.420806791662471 394.0 356.5 0.597982533772786
0 0.433397333341418 400.5 352.0 0.597424570719401
0 0.453789374994813 412.5 345.0 0.749379094441732
0 0.470363083324628 422.0 341.0 0.72608528137207
0 0.486674500018125 430.0 339.0 0.591610972086589
0 0.503481499996269 439.0 337.5 0.469855117797852
0 0.520013666682644 448.5 336.0 0.434525426228841
0 0.528374833345879 451.0 336.0 0.266109339396159
0 0.528692708350718 453.5 335.5 0.0

