0 0.0 385.0 294.0 0.333333333333333
0 0.0184022083412856 382.5 293.0 0.33125
0 0.0312181249901187 382.5 292.0 0.380729166666667
0 0.0416803333209828 382.5 291.0 0.404766718546549
0 0.0554044999880716 383.5 289.0 0.415512084960938
0 0.0707539166614879 391.5 281.0 0.434365844726562
0 0.08737270833808 399.5 274.5 0.400444666544596
0 0.1037565000006 408.5 267.5 0.364786783854167
0 0.120577083347598 416.0 263.0 0.325631459554036
0 0.138051624991931 424.0 261.5 0.27958017985026
0 0.154623166657984 430.5 263.0 0.266469955444336
0 0.172083874989767 434.5 270.5 0.291225814819336
0 0.18866824998986 434.5 282.5 0.311980311075846
0 0.200518375000684 430.0 293.5 0.323226801554362
0 0.220669750007801 419.0 311.5 0.459121831258138
0 0.237186333339196 406.5 328.0 0.480496597290039
0 0.254060625011334 390.5 348.0 0.488394165039063
0 0.270687666663434 379.0 364.0 0.514925893147786
0 0.287162666674703 374.0 371.5 0.60259895324707
0 0.304245583334705 373.0 373.5 0.685820388793945
0 0.321586625010241 376.5 374.5 0.687233225504557
0 0.335876500001177 381.0 374.5 0.607815551757813
0 0.350562708335929 389.0 375.0 0.475114822387695
0 0.37062954166322 402.5 376.5 0.456086095174154
0 0.387161041668151 415.5 376.5 0.430685806274414
0 0.403770041681128 430.0 372.5 0.477363840738932
0 0.421781500015641 440.5 368.5 0.403663126627604
0 0.44152283333824 447.0 368.0 0.191891860961914
0 0.442069041659124 448.5 368.5 0.0

