0 0.0 384.0 296.5 0.333333333333333
0 0.0259800000058021 384.5 293.0 0.333333333333333
0 0.0330636249855161 389.5 281.0 0.436278661092122
0 0.0443795833270997 393.0 277.5 0.421025975545247
0 0.0485874166479334 397.5 273.0 0.474006907145182
0 0.0567922499903943 402.5 268.5 0.477370452880859
0 0.0699954166484531 406.5 265.0 0.519012451171875
0 0.0840258333191741 415.0 259.5 0.505227915445964
0 0.102610250003636 424.5 255.5 0.393404897054036
0 0.119729625002947 431.0 255.5 0.300545247395833
0 0.136300416663289 436.5 260.0 0.269254557291667
0 0.153311458328972 440.0 269.5 0.386662165323893
0 0.169659166655038 440.0 280.0 0.485149765014648
0 0.186103208339773 436.0 288.0 0.537203852335612
0 0.203108999994583 426.5 299.0 0.648275756835938
0 0.219706500007305 412.5 313.5 0.567478179931641
0 0.237322000000859 401.0 325.0 0.547283426920573
0 0.252912166673923 385.5 342.5 0.413128153483073
0 0.26970966666704 379.0 350.0 0.476293436686198
0 0.286269791657105 378.0 352.5 0.511404800415039
0 0.30292554164771 380.5 352.0 0.543299102783203
0 0.320137041650014 386.0 349.0 0.481718826293945
0 0.339817416650476 394.5 345.0 0.498319244384766
0 0.35307399998419 406.0 341.0 0.489872614542643
0 0.36967941664625 419.5 338.0 0.442967224121094
0 0.384406708326424 429.0 335.0 0.406263732910156
0 0.399273541668663 441.5 331.0 0.357105509440104
0 0.414396541658789 449.5 329.5 0.214401372273763
0 0.414821166661568 451.5 329.5 0.0

