0 0.0 393.5 303.0 0.333333333333333
0 0.00875649999943562 395.0 299.5 0.333333333333333
0 0.00979458334040828 398.5 296.0 0.411979166666667
0 0.0236210000002757 403.5 292.0 0.412855021158854
0 0.0299555416568182 409.5 288.0 0.39221560160319
0 0.0418179583211895 415.5 284.5 0.465586217244466
0 0.0654377916653175 423.5 282.0 0.292481486002604
0 0.0827576250012498 430.0 282.0 0.28564198811849
0 0.0944077916501556 432.0 283.5 0.261684544881185
0 0.11205483332742 436.0 287.5 0.260834376017253
0 0.129092874994967 437.0 293.0 0.250000635782878
0 0.145787499990547 434.0 303.0 0.265252304077148
0 0.162119416665519 426.5 316.0 0.474733479817708
0 0.179951333324425 419.0 325.5 0.525475056966146
0 0.195071541675134 407.5 340.0 0.569787724812825
0 0.212397833325667 393.5 359.0 0.603493499755859
0 0.228875333326869 386.0 369.5 0.582969919840495
0 0.24537208332913 382.5 374.5 0.606476338704427
0 0.261902625003131 382.0 375.5 0.583248901367188
0 0.278818333317759 383.5 375.5 0.577912775675456
0 0.296058791660471 388.5 372.0 0.578591283162435
0 0.312083666649414 396.0 368.0 0.598475392659505
0 0.328035499987891 402.5 365.0 0.606097284952799
0 0.341636083321646 412.0 361.5 0.603014882405599
0 0.358931291673798 421.0 358.5 0.56698735555013
0 0.379251250007655 432.0 355.0 0.430594889322917
0 0.396319666673662 437.5 354.0 0.264266840616862
0 0.396941833314486 439.0 353.5 0.0

